500 500
905646 266394
254803 102059
796965 290501
74943 800900
66326 94301
958758 385478
982426 478313
198162 883356
754354 914176
28544 14140
3992 298091
448271 573221
736326 917191
642809 399145
667700 159986
464120 914339
675535 909987
337369 294004
468172 44
357998 822400
829649 133967
664562 858484
86022 262144
784327 940515
893239 360305
850305 791607
14095 321276
921669 354750
787611 103283
286839 788197
18024 213850
177734 601668
726112 93134
62803 304850
6477 763693
183621 672422
23899 538782
988569 325602
779875 68583
410836 843479
750970 235136
104941 417976
153822 582549
47670 706148
186359 372576
975007 332955
804738 816546
11050 741081
230084 747210
70879 607110
892886 52485
836283 184341
623842 593852
297187 646984
117607 319060
925700 100960
882166 769090
996877 458994
534842 104496
38551 112510
767669 151167
80413 980634
385130 389546
239239 289028
524596 107456
17209 801505
883053 199881
428765 534469
842023 436151
275826 649153
798639 434506
426819 118561
21771 419448
414753 352157
589540 252722
550956 995059
422859 25619
942791 423710
440394 304493
728409 316537
230707 463429
55881 755034
264196 705821
619736 862166
544557 71919
188313 59528
481445 238800
264596 109525
847038 325867
831083 639092
819185 224383
400163 303429
345882 198756
321042 504060
177368 695780
922741 699155
309445 675706
173570 764953
947993 857828
683775 534643
154034 159742
694145 121760
605398 525395
391515 956375
144717 117937
452478 89542
296727 780218
318782 968834
15284 13768
122898 105307
100489 634294
123184 96692
727612 702599
486004 161754
374322 951875
177248 193933
998619 970475
87849 743257
699096 29738
510078 636749
314719 770890
698854 452794
869921 817266
577794 189073
86661 483057
569785 343911
474571 560743
554694 964669
471506 528824
605052 480921
615290 998106
745910 49689
649737 309447
845936 687740
607516 114186
298734 609914
653184 821721
337997 487083
673366 840654
686145 290934
731284 544444
128947 994731
127186 424983
919544 243252
710185 605458
563575 365255
33717 826600
756307 347881
848434 720943
374887 434443
403797 643640
969342 520321
9016 483640
220523 45057
289489 151648
526669 465635
284243 221038
302768 850212
73263 216200
340780 772648
192003 402902
321467 784385
247342 49121
850343 534641
685583 803852
129908 949705
12387 794396
347388 902419
334220 91455
388160 124676
229202 254758
888101 218271
789644 853491
577208 406165
279019 733617
404282 878970
971856 351893
821856 335338
222106 348337
642006 857488
984531 831431
79767 400441
277241 239248
96983 12369
273913 69390
972131 698910
561855 433968
62440 144959
514017 831168
428659 777862
710807 369498
28277 46824
855155 855201
898516 507626
850969 144271
450324 291171
801980 972559
471735 388462
423681 448410
795314 834360
989990 751428
163197 390109
768243 536934
523445 575057
555300 511183
347189 831917
699681 674725
424353 259094
178385 635121
337000 992096
568980 671396
769537 669517
308798 752764
207854 912188
45528 710295
881072 90158
325014 918498
268195 390891
320640 45855
51231 802575
677239 219374
688464 273944
891401 184529
56314 919322
70796 177312
51086 333654
501211 252986
196125 318764
532856 138855
296801 728281
898825 724617
874208 518788
524240 461532
961829 962226
211179 200128
764385 818222
140929 764234
674665 833984
243245 138695
764446 296517
111635 517628
236255 367078
372952 371587
184199 732808
360901 36483
548046 939629
172316 149742
770397 552266
967813 709560
441270 31376
90316 3919
719519 313844
836109 2956
395205 112817
157376 878069
814878 742165
957779 501800
720433 959457
585452 817342
688369 15481
645240 844747
948766 132058
196960 246660
259255 56540
527819 291777
134202 636538
871202 983884
313460 854042
894972 853519
436755 737899
37706 505705
338823 893415
658955 129930
920596 250277
967039 508157
82483 474871
509820 871119
854882 5480
656013 3409
20183 349881
973159 706457
809551 734577
472113 118421
889357 600809
141561 442037
938791 756732
895118 830443
249979 740227
766291 688929
118229 38165
235359 480013
459560 257544
225087 266556
662751 693184
454753 695297
552625 307883
420059 655440
330211 704375
715273 457406
203853 687166
27309 382227
727435 588035
345647 375955
282376 197604
342535 126664
370609 855685
989966 940159
918842 677734
709268 413676
515705 79139
2871 323474
143145 491347
249537 420626
213031 305601
506526 404347
813710 542213
789725 482976
683358 571343
169805 359708
584804 937930
627646 52130
779343 699893
152185 776918
178218 889281
665049 893801
661946 79224
559530 947918
741330 106984
53654 559649
164894 628083
28459 831192
715472 200946
330484 729078
437918 464617
306843 246482
372665 779583
779580 345823
107317 710154
469801 911655
235824 251307
917502 74068
265639 335613
838 247129
278637 568442
241850 842433
440584 515811
355600 818506
880301 324487
780022 715280
117954 246431
14809 865745
726993 154432
38431 452384
736041 386306
601682 580655
831930 196918
741500 66605
221379 26362
949042 434697
440141 645489
893264 918231
449856 473260
540370 1182
708715 993286
600470 463335
40971 723179
955665 177521
4426 339883
206972 522870
677055 27303
803512 269939
553747 275596
197399 72267
299920 419030
224916 85758
625431 620348
821266 137493
862487 105193
57737 841766
162378 727453
204636 633374
907164 42834
638812 810647
483922 839562
364499 319361
79386 313746
627827 985211
858737 218817
402496 549783
211992 247733
988017 882554
488564 670057
217084 496855
288224 171922
784692 677211
538789 11572
823742 918286
661086 610045
419064 562741
424059 474643
190548 375899
125146 924076
865029 208747
316263 113033
127290 64631
534105 822425
92852 269626
169386 659211
674186 786413
660986 364541
521749 453275
541556 145587
145462 473841
518722 61438
449797 123959
561828 131470
985698 861272
998336 419029
542441 471280
77934 688765
695918 779435
947164 604453
937591 131314
199159 445693
723940 557164
325661 947414
51270 293354
949461 154077
311481 218786
535006 228540
228304 774828
201328 73931
526932 545451
637578 719464
212797 49956
348424 672376
80681 584871
718240 901721
772332 836876
69539 884508
476525 6120
920089 985627
437249 172836
283241 418140
462573 449641
404030 337465
952464 231650
927741 375897
331787 990200
137110 738138
337791 890001
624319 730950
398374 670626
765423 81311
62315 830624
245739 262830
537502 25018
704314 953110
114719 222666
946568 382159
639300 186272
228039 393330
218834 657330
743005 50922
407661 176599
80544 646179
936848 313290
666218 105518
987829 716079
759342 718158
724820 348348
268957 883794
843718 358004
447194 336948
440772 609623
581021 198491
737938 199722
358194 277126
539093 188343
630939 851042
663529 173150
954665 702038
349772 909024
26098 331775
707549 361776
511560 661340
812213 677449
303133 602008
927382 850965
219829 999489
862197 314590
904964 745994
351248 403381
264607 194932
650038 324132
722858 848623
935474 583920
948404 527620
995274 388786
707795 675700
618064 521410 500
200754 411760 500
546839 132656 500
427439 900020 500
509821 181774 500
341181 391026 500
138452 906550 500
72986 683603 500
313883 24147 500
545097 598012 500
211199 648746 500
36701 340113 500
390691 288562 500
532584 835161 500
719262 351856 500
506269 90314 500
520813 545268 500
545222 205548 500
564543 572908 500
459462 685794 500
352557 97964 500
830595 576612 500
534987 67581 500
921455 763315 500
735665 935976 500
330985 416910 500
329394 391433 500
242926 460237 500
461851 821479 500
44337 426293 500
529800 263524 500
978428 187842 500
795422 416734 500
918553 987802 500
97906 169646 500
533642 496093 500
707743 868695 500
102888 884792 500
484088 428220 500
598749 785591 500
138018 695562 500
783141 319304 500
686320 180437 500
318787 920537 500
596984 267632 500
973528 726156 500
649753 479510 500
929967 852606 500
984084 41709 500
110033 799574 500
23025 244107 500
930657 956467 500
47615 264273 500
728731 162838 500
818493 354639 500
774799 304757 500
750067 578728 500
654620 426887 500
456844 365 500
216888 530704 500
501794 207614 500
280337 312633 500
531421 179926 500
158507 651599 500
347760 173962 500
526624 492575 500
987988 574332 500
435207 49248 500
883125 348874 500
33174 227345 500
266099 382523 500
696858 895449 500
302199 473482 500
408446 286793 500
559614 202657 500
505108 584660 500
304236 304433 500
359034 535514 500
537110 52779 500
609797 586995 500
579835 932630 500
526280 184972 500
625846 777501 500
182297 481026 500
488645 658393 500
471427 3852 500
124881 65926 500
688951 201809 500
138013 739256 500
172927 473371 500
406969 229688 500
929704 869129 500
807879 839584 500
684184 746123 500
7225 657210 500
78033 617334 500
283926 29455 500
717125 419958 500
698749 948349 500
75458 253256 500
766677 120626 500
579349 245780 500
822205 22413 500
690784 746417 500
462136 166830 500
179350 118486 500
796625 83747 500
46815 574497 500
605951 747976 500
39252 326492 500
177133 598394 500
817277 664057 500
253194 20848 500
792654 80606 500
808954 298865 500
108227 517312 500
875382 756048 500
277405 509637 500
387806 472013 500
114909 995611 500
509756 51576 500
629629 638359 500
569951 188131 500
822924 217126 500
802467 725527 500
945454 85797 500
21544 110631 500
342295 915476 500
609886 316685 500
198342 840750 500
725377 958820 500
571501 200453 500
489318 289627 500
928639 881273 500
162489 957200 500
170293 875820 500
432026 297246 500
28447 776046 500
400853 263738 500
776458 388314 500
592279 543220 500
163100 190747 500
945682 157653 500
645419 839069 500
715696 713276 500
620269 863181 500
99154 937363 500
826415 798023 500
435038 900092 500
273110 955333 500
621885 138159 500
419438 117183 500
673885 718863 500
553891 721370 500
419953 581006 500
779259 747707 500
312947 940808 500
455667 936484 500
609408 257844 500
549942 859082 500
646335 429360 500
821786 57710 500
465797 744522 500
424203 780877 500
203660 987597 500
817293 701204 500
306902 263913 500
643137 853323 500
387019 817169 500
556584 626512 500
15320 270021 500
217637 296669 500
373138 625604 500
757739 757592 500
534715 452724 500
452774 599006 500
220415 189376 500
91088 47027 500
92670 255753 500
820784 119204 500
147265 103790 500
368011 598181 500
806350 212770 500
621957 702907 500
246192 524741 500
443736 386362 500
853725 426299 500
279525 742126 500
539274 777638 500
42608 600057 500
662375 906106 500
517168 150114 500
415359 51594 500
526448 992974 500
447035 620005 500
71033 115496 500
123996 255866 500
508648 821695 500
735728 828819 500
473541 9155 500
312464 157956 500
71935 907520 500
50553 970110 500
47784 153789 500
122985 877837 500
88632 857699 500
512085 670433 500
888371 893388 500
69802 262026 500
418030 254295 500
108857 705857 500
513343 741086 500
998208 830218 500
849073 681533 500
649585 782747 500
982791 675639 500
499098 160559 500
129882 686967 500
944348 180853 500
884907 158497 500
533927 773945 500
916660 163007 500
53509 715124 500
465598 268318 500
957456 659836 500
275311 372450 500
345754 38214 500
684746 531003 500
40700 928827 500
855375 904057 500
288193 690211 500
368255 865154 500
578810 242101 500
473146 789166 500
206693 992232 500
647041 924180 500
829769 269239 500
145168 357773 500
724742 218185 500
75883 651204 500
229057 319164 500
313859 92165 500
224480 850527 500
392776 767488 500
99888 171318 500
962714 330941 500
619810 784974 500
225486 604431 500
825044 832528 500
437885 416141 500
238463 820400 500
176721 3393 500
94403 402597 500
769182 362915 500
281196 583939 500
871779 967047 500
204863 530726 500
853508 91391 500
969651 700302 500
606631 169945 500
928377 361810 500
864147 597544 500
835373 570165 500
544884 945710 500
111530 786717 500
598292 844653 500
660274 305846 500
743875 417959 500
753334 780059 500
698185 81676 500
569807 845423 500
995546 667615 500
109501 396307 500
844122 159459 500
924958 104357 500
514599 171962 500
952698 142550 500
965092 227702 500
265366 562768 500
674082 993611 500
404580 847631 500
68489 418834 500
515336 898414 500
687270 848948 500
379955 594273 500
495290 641940 500
53572 391415 500
243911 641092 500
799270 132055 500
84098 763937 500
400554 751909 500
669530 472796 500
467406 12080 500
375683 49552 500
878131 938965 500
861064 165220 500
374995 993768 500
772634 283475 500
222315 58330 500
440679 942730 500
548259 314697 500
882720 849910 500
872237 579539 500
364473 795323 500
82632 440111 500
634196 400740 500
231394 101677 500
804311 976002 500
96112 441067 500
636973 923723 500
343678 463913 500
229605 578535 500
25214 159375 500
735950 685897 500
63151 591530 500
755702 908553 500
833126 37585 500
595277 942362 500
585139 394553 500
113484 857271 500
605021 723590 500
894822 994830 500
418709 164350 500
416077 486440 500
335605 145181 500
368888 792291 500
616412 204341 500
625385 635646 500
156268 271866 500
302011 84514 500
400877 490730 500
507389 561452 500
587081 470202 500
74667 735487 500
178775 952821 500
440737 807271 500
786654 856094 500
608741 677849 500
213457 163657 500
947133 235032 500
274311 929884 500
111463 930937 500
902909 985046 500
518186 580467 500
419393 303939 500
733764 647664 500
649656 564469 500
773016 312770 500
696220 582497 500
580378 788532 500
645276 97877 500
315497 867397 500
940798 660592 500
281807 855214 500
772276 933749 500
613286 519196 500
356406 555284 500
764720 405541 500
111386 435587 500
477589 32501 500
833056 567083 500
659459 477188 500
671712 229548 500
552597 865404 500
742459 116456 500
963509 62348 500
471413 279106 500
603569 216018 500
454633 288561 500
290166 323321 500
586178 663561 500
616579 805867 500
94381 587335 500
280008 235806 500
467232 993829 500
998901 692134 500
218409 401572 500
545605 155545 500
749752 706258 500
761534 32335 500
723771 206649 500
404211 579112 500
241414 676980 500
45544 190123 500
104763 748945 500
449364 83657 500
241008 298446 500
551189 552072 500
24006 625875 500
589684 93779 500
206034 57726 500
596036 822958 500
601973 150257 500
42827 780637 500
605622 327530 500
510255 537684 500
356696 547685 500
215952 720795 500
421100 952576 500
856860 366298 500
164379 215596 500
683726 771826 500
648549 700153 500
467876 450363 500
720195 272129 500
936317 610074 500
754235 561202 500
587034 431137 500
899129 114143 500
868953 732371 500
594400 921574 500
549321 496640 500
710807 139467 500
19038 50025 500
837732 551566 500
754982 74950 500
174325 497082 500
625319 764894 500
359626 472419 500
577874 554441 500
221903 883287 500
37847 307323 500
227472 718303 500
258217 515982 500
374730 194897 500
302710 224264 500
408802 694471 500
967315 366078 500
432940 915315 500
169773 220441 500
199310 335828 500
182481 117327 500
969595 750423 500
987149 410752 500
876128 39820 500
337457 919485 500
610022 127950 500
629627 9817 500
314834 697723 500
66957 349638 500
685335 382274 500
664469 549610 500
407383 529666 500
118322 601527 500
364754 235096 500
723814 160459 500
514334 985970 500
578357 303225 500
230992 662098 500
492901 81286 500
361393 972073 500
495806 289055 500
13855 424031 500
647205 787641 500
602919 488243 500
829706 115973 500
956246 675332 500
841019 822656 500
352818 634546 500
847902 218802 500
205249 546943 500
932145 318302 500
63787 210601 500
33789 851904 500
562192 135800 500
821561 586848 500
16159 503864 500
279344 618100 500
284737 794107 500
352759 982056 500
775251 873140 500
44431 201874 500
311919 680346 500
69784 138453 500
403328 263500 500
771488 130420 500
308060 735487 500
332638 540953 500
709295 473871 500
616940 953288 500
301202 998181 500
493700 868076 500
600186 350838 500
694986 593987 500
660045 43172 500
275822 92320 500
284641 410779 500
807567 427162 500
138698 731936 500
124954 275395 500
197222 206079 500
407455 749920 500
668797 89492 500
673799 10365 500
312637 289557 500
741033 627631 500
495835 239682 500
180491 773915 500
369813 897515 500
828678 987198 500
