368
280 85 154
280 169 152
169 343 95
195 280 438
264 343 334
169 95 403
264 282 7
157 85 366
343 171 388
171 283 445
195 155 490
195 200 232
200 277 279
157 87 447
91 200 114
355 155 20
171 140 110
343 56 331
97 277 430
9 283 396
36 171 165
282 206 69
170 280 157
28 9 120
95 267 417
320 170 248
148 97 237
343 356 199
313 171 302
36 357 253
274 171 10
356 115 464
8 56 461
135 97 415
61 277 308
26 171 269
148 181 454
115 120 500
245 355 299
90 61 467
355 235 118
280 300 194
150 120 428
90 41 67
355 116 13
354 28 210
356 24 294
220 181 9
85 265 313
181 35 184
356 215 393
290 356 497
320 13 479
170 75 118
355 312 21
86 280 250
354 360 348
240 13 487
115 275 285
314 245 267
300 191 105
285 181 210
354 145 140
227 275 254
73 28 117
191 30 180
30 201 186
363 155 87
329 56 181
144 275 107
56 346 300
78 181 401
86 114 375
354 101 260
109 329 46
349 264 370
18 61 189
61 251 209
269 145 378
80 201 325
85 221 483
87 167 463
151 200 86
116 66 124
101 295 233
66 55 58
151 121 414
145 3 45
300 136 254
97 218 297
170 98 58
184 150 475
131 329 486
218 348 65
280 54 452
184 127 86
154 115 251
167 326 208
344 56 391
191 252 405
311 354 394
116 327 346
279 195 389
349 266 244
344 338 277
92 275 171
23 54 105
150 63 186
217 360 6
98 149 460
290 147 115
314 104 385
105 97 311
82 90 453
91 76 424
266 233 223
1 184 211
348 100 303
57 56 245
108 97 97
170 186 487
318 101 223
160 26 364
332 61 71
110 73 338
66 7 115
18 14 60
33 279 390
115 45 345
100 341 235
303 215 85
181 179 325
324 30 225
116 59 25
54 44 163
140 236 372
95 31 287
132 277 477
3 153 432
353 90 486
291 184 261
256 101 395
151 222 89
173 265 421
31 111 115
127 224 141
265 347 203
132 305 120
105 362 44
254 265 136
361 114 320
268 1 27
236 197 48
75 113 5
175 1 474
289 109 170
70 320 247
63 2 80
238 326 234
347 257 234
51 314 351
41 204 215
21 23 162
234 136 434
38 282 360
310 109 375
52 221 435
233 336 444
74 341 181
328 8 397
179 247 132
34 256 338
311 288 442
313 103 27
9 79 196
155 62 89
133 1 385
115 244 65
314 207 439
171 192 97
276 26 31
208 311 233
90 172 33
296 78 311
327 239 413
40 55 64
303 322 260
73 64 292
340 28 334
89 95 296
22 300 36
29 268 199
138 324 155
42 254 279
201 130 138
251 174 195
117 244 197
116 129 158
214 151 232
114 182 417
67 130 314
173 284 419
105 226 429
24 96 93
287 174 262
31 302 404
271 204 336
360 210 122
27 210 173
271 152 16
265 194 152
255 171 388
244 216 55
15 227 337
284 99 433
15 107 305
116 185 62
277 232 159
70 124 173
97 158 348
285 253 73
18 128 47
105 211 286
348 209 438
12 108 325
66 308 64
323 90 376
341 299 104
315 132 102
116 77 106
265 72 64
278 28 156
71 70 231
106 28 269
54 47 468
2 25 452
297 47 235
57 293 199
272 284 293
146 247 209
43 329 10
292 111 214
164 175 494
262 15 321
78 331 102
232 223 488
10 244 390
58 331 223
53 324 99
193 346 131
359 318 478
126 191 478
242 64 320
168 72 461
351 128 305
187 289 247
253 309 158
71 333 331
363 243 49
166 333 415
103 258 141
328 246 76
161 105 462
274 165 406
242 345 80
249 226 489
228 320 107
335 285 64
119 245 209
145 270 385
339 74 29
365 224 372
137 7 19
123 24 144
50 315 188
231 355 217
273 296 6
101 259 65
298 181 73
189 174 428
366 361 132
4 123 352
234 281 351
20 91 78
123 16 288
196 251 8
232 198 499
278 37 9
16 260 405
147 83 433
302 162 337
284 230 449
294 165 314
312 17 184
324 32 134
212 76 129
208 219 392
65 267 230
213 16 26
225 100 299
8 88 174
245 306 45
79 301 313
319 52 80
14 177 424
94 278 101
317 165 312
6 193 106
118 12 196
212 68 326
352 296 327
102 341 445
331 321 36
303 69 273
176 78 358
188 77 142
162 367 70
137 19 4
203 73 32
330 174 175
356 163 172
289 307 82
337 79 73
91 125 394
286 43 272
23 122 442
84 181 439
296 134 461
138 39 208
183 277 87
334 346 58
143 181 477
350 1 85
81 151 304
98 180 474
190 255 238
348 199 126
364 136 97
358 277 267
316 290 283
326 142 85
46 317 239
229 311 28
304 355 376
237 4 68
250 95 61
342 354 329
48 277 42
166 49 301
159 20 335
292 368 251
263 50 221
173 241 186
178 215 478
258 60 76
365 325 105
205 195 312
139 274 123
11 192 164
93 245 191
156 343 87
5 348 350
156 248 193
17 112 223
141 336 227
133 202 382
274 261 406
