18 298
426970015 501754225
582040400 22071378
734870593 267687948
666234004 827973459
377239005 556711777
843593586 246567689
104291416 532514912
40491279 812506752
913839083 305499430
350065803 320228042
412653741 948148600
133640885 781318748
278652893 592137134
170364530 181409474
842857008 179298191
159755717 107775007
573549877 405313879
745150631 68420481
2 587656105 754470467 -92351873 74462489
2 878451081 581821476 312599406 15969801
2 946048290 653503290 344093060 51548060
2 492536462 634234494 118539130 260237162
2 483021287 963462369 410611924 891053006
2 212309316 514809529 -683212792 -380712579
2 692150364 443690601 -185425858 -433885621
2 925216020 161212735 184625515 -579377770
2 4074307 281188588 -715030246 -437915965
2 483040931 988618453 -361190291 144387231
2 21955814 881235152 -139988358 719290980
2 737447471 646978283 563949261 473480073
2 628133482 118347302 -243768358 -753554538
2 609745785 9550871 240689471 -359505443
2 868416017 293552186 62846910 -512016921
2 277508326 25601633 -317534629 -569441322
2 196714481 369338211 -201083765 -28460035
2 997078287 290716780 909453185 203091678
2 227955892 162813928 -498866426 -564008390
2 179065407 54433276 -307022157 -431654288
2 602203138 755292513 458089612 611178987
2 720516827 573228594 583851092 436562859
2 811377187 977382823 -116389449 49616187
2 573749416 556528600 468479391 451258575
2 657123932 530014414 350895080 223785562
2 265863488 649065378 -591169023 -207967133
2 881696904 465136473 724612902 308052471
2 886357468 928203809 98745882 140592223
2 762674698 853821832 441491578 532638712
2 831809857 86580369 587061158 -158168330
2 528162076 570058981 96645396 138542301
2 363726033 753172356 303044404 692490727
2 78326452 947340387 -449983673 419030262
2 889973617 368774056 -85843810 -607043371
2 508263409 99150323 -477573942 -886687028
2 127180868 194223117 -532903309 -465861060
2 872491183 189756111 603953523 -78781549
2 157015550 520765848 -438755327 -75005029
2 362990687 907157784 -241821114 302345983
2 543468777 645947960 489894993 592374176
2 71705195 986799626 -256848731 658245700
2 772446147 850454643 93533999 171542495
2 351880706 906530897 6200111 560850302
2 495482091 869774572 -377487391 -3194910
2 441343618 397254939 134438962 90350283
2 149699246 297328167 -700394944 -552766023
2 6907679 352889068 -755736729 -409755340
2 793669133 862170304 -29092544 39408627
2 876509151 466567921 -79177507 -489118737
2 434890962 305492411 -41252074 -170650625
2 7697336 402489354 -293483648 101308370
2 317143732 64816290 267186599 14859157
2 544849945 855370155 -244926379 65593831
2 643486139 806952205 451451040 614917106
2 278721589 318678531 -678125902 -638168960
2 993350603 752627488 176461686 -64261429
2 99265353 314938697 -893597413 -677924069
2 598481408 746949428 543550784 692018804
2 66858208 672621698 -311958542 293804948
2 689969967 202015831 545693151 57739015
2 639252261 557025081 191149840 108922660
2 755278090 819786831 -198877721 -134368980
2 634853084 944992481 313505314 623644711
2 389813934 525006651 -185407520 -50214803
2 791622167 291705582 601157615 101241030
2 527414254 274598455 279244455 26428656
2 433285176 318131098 -304163169 -419317247
2 661526363 780636314 -324280807 -205170856
2 64608840 972393112 -196150599 711633673
2 662718124 610742058 -90813547 -142789613
2 437869391 460057337 207693645 229881591
2 414941053 809162892 80850888 475072727
2 693780926 998711894 564642905 869573873
2 442861234 146047586 -237044753 -533858401
2 214952052 762707101 -388681619 159073430
2 796994636 561668193 34324499 -201001944
2 364415097 967600824 -8297651 594888076
2 91098820 851048230 12686705 772636115
2 659395713 631620075 251603106 223827468
2 5701207 346128901 -287423017 53004677
2 822915425 653000979 617185403 447270957
2 477031359 396606213 81843860 1418714
2 979186998 475381750 185242063 -318563185
2 693269398 455419439 676177509 438327550
2 460194817 632937681 -296619951 -123877087
2 296283343 235667650 189016597 128400904
2 811274616 126107055 495529698 -189637863
2 265323822 929695479 -676918859 -12547202
2 183457680 294972405 -176507684 -64992959
2 97025951 95192189 -650986551 -652820313
2 124755081 12627371 -363848354 -475976064
2 602111337 823520726 367212015 588621404
2 217143515 859179400 -64320948 577714937
2 51179047 435313803 -206602817 177531939
2 818991938 155853641 687957533 24819236
2 797202010 888315781 281231816 372345587
2 953132738 938739740 -40006211 -54399209
2 306832545 727849193 90909181 511925829
2 674497500 95441463 327977799 -251078238
2 359734556 515181622 -397306764 -241859698
2 868039634 290283515 666968425 89212306
2 274309701 36721362 -372771372 -610359711
2 93352819 504989678 -381401516 30235343
2 186914292 244805167 105034755 162925630
2 791085251 261033740 159710846 -370340665
2 859100753 644572821 697664995 483137063
2 156915654 983001854 -584066621 242019579
2 212885134 147719230 -69276055 -134441959
2 80686150 175438961 -219330069 -124577258
2 774681886 202482829 224610636 -347588421
2 366723761 121264044 353341484 107881767
2 634171354 436700952 -30180156 -227650558
2 857468840 443174310 582481155 168186625
2 248540553 96606345 -624086620 -776020828
2 570018112 805486878 -397058767 -161590001
2 41529983 483502881 -715525752 -273552854
2 954932520 933620043 193262055 171949578
2 35744516 404708333 -859881191 -490917374
2 762741009 105801687 469953905 -186985417
2 887325203 815255873 647764320 575694990
2 20184887 269492013 -367169529 -117862403
2 700157899 601034624 688015220 588891945
2 411512286 737570542 -235752972 90305284
2 619594333 624782632 226353635 231541934
2 510181755 62843009 353384668 -93954078
2 990512851 194664992 618779900 -177067959
2 772926239 19526496 634959489 -118440254
2 289941054 792158310 -48028107 454189149
2 754774432 834527624 -2135372 77617820
2 122955264 952899924 -113011556 716933104
2 506183760 464401682 -286846254 -328628332
2 563732416 21087032 26836949 -515808435
2 783608697 231846525 556499489 4737317
2 853902672 450836383 -34665973 -437732262
2 875680503 699052786 751813515 575185798
2 963066904 673571894 302177363 12682353
2 419652804 73237400 -249473984 -595889388
2 821503325 462188343 815048835 455733853
2 717896364 265713645 75442794 -376739925
2 263842039 340863065 -619712434 -542691408
2 75792662 270204065 -152997869 41413534
2 723740549 293738562 -76067424 -506069411
2 983613180 679108635 91636695 -212867850
2 639520960 586922799 459664977 407066816
2 807749071 945663490 511624192 649538611
2 463734859 344482380 -254086925 -373339404
2 175897822 964755048 115507846 904365072
2 977818369 13662848 297461778 -666693743
2 566685728 590836711 -208926231 -184775248
2 830336077 260075948 774415204 204155075
2 132774464 150283061 -183266034 -165757437
2 833516873 504381945 189314480 -139820448
2 7181140 819455593 -485528827 326745626
2 663514780 608439457 493112591 438037268
2 927777309 304821196 264241906 -358714207
2 754966941 140277272 379260580 -235429089
2 914324391 216157554 39347909 -658818928
2 550699422 869922771 325366532 644589881
2 58412603 781662416 -298841849 424407964
2 720985127 834741740 -82480369 31276244
2 423659263 267713383 -92430764 -248376644
2 70273858 303205497 -501188099 -268256460
2 558259001 816786330 217678427 476205756
2 580968603 133416535 -8001239 -455553307
2 502679477 822525355 419954622 739800500
2 168272974 507540811 -367006494 -27738657
2 108469717 730628205 -397638063 224520425
2 991957840 977373347 395537265 380952772
2 399655082 462217903 377039978 439602799
2 303135134 385824592 153440483 236129941
2 695332947 526991599 240238266 71896918
2 539706440 73861029 -40080660 -505926071
2 305186626 629969481 -335916016 -11133161
2 741056516 641030263 36297787 -63728466
2 845727877 731078854 814934710 700285687
2 285562541 965013262 41611172 721061893
2 205277282 280057640 -400077739 -325297381
2 508099783 68953947 485271454 46125618
2 212858466 767213392 -118808035 435546891
2 768375893 185596817 670981701 88202625
2 492295433 732470334 170219780 410394681
2 132092679 449040628 -55952550 260995399
2 583026343 693095426 312694022 422763105
2 84734126 50219290 -799585183 -834100019
2 186941624 395082966 -780586208 -572444866
2 913776277 75711491 725226487 -112838299
2 108082141 758322859 -341021563 309219155
2 110071408 986282874 -204125906 672085560
2 689918351 291312486 -83018781 -481624646
2 779742578 598248606 -14472383 -195966355
2 35954862 229911049 -59915715 134040472
2 215074184 184133675 46247627 15307118
2 758401630 659246535 550980839 451825744
2 324537083 565060933 247987438 488511288
2 779629068 571214532 673429829 465015293
2 177530633 34001488 -197479092 -341008237
2 676381648 936001749 235269577 494889678
2 952261807 911691542 -11991818 -52562083
2 337854248 692756807 -502430726 -147528167
2 660650374 773306940 542496601 655153167
2 209848272 64295991 54726081 -90826200
2 293486789 692109940 -478422330 -79799179
2 158387631 681054816 -185253793 337413392
2 472823770 55496150 -229378593 -646706213
2 621582382 350296350 109895048 -161390984
2 601466044 45512527 10963483 -544990034
2 550510512 162289728 476873788 88653004
2 406102821 909859782 27665536 531422497
2 123353198 414524906 -239036780 52134928
2 707573903 402850510 385050364 80326971
2 18058903 26853799 -890479992 -881685096
2 927838703 609772910 912060243 593994450
2 236412444 88397933 -747303555 -895318066
2 653238529 656277624 592106568 595145663
2 722536306 678004020 670059600 625527314
2 246778227 354851280 -159965088 -51892035
2 166667394 257743043 -349046345 -257970696
2 645965175 203109564 490542147 47686536
2 808169380 106239178 -104714785 -806644987
2 257896523 964234582 203997805 910335864
2 204017171 264033413 -90299786 -30283544
2 345783749 205497086 -535700275 -675986938
2 209832335 853890810 -307762567 336295908
2 873507574 398931589 771869098 297293113
2 222024336 822818247 26535880 627329791
2 239079603 327678257 -232232976 -143634322
2 437522644 112290740 242698078 -82533826
2 905304453 159594234 -84037446 -829747665
2 751932207 265222578 209277612 -277432017
2 145973005 602141837 -582759773 -126590941
2 508600651 888960424 400523949 780883722
2 72718357 274411775 -59725341 141968077
2 931339711 12409806 811936340 -106993565
2 551458688 56764024 251357861 -243336803
2 523002134 704624316 -442508874 -260886692
2 704266605 646353271 207229211 149315877
2 765752263 393649181 582595057 210491975
2 571554115 343246387 317018462 88710734
2 960968153 876827540 855075230 770934617
2 105870374 975158949 -744423832 124864743
2 540115177 756236895 -121997936 94123782
2 906882214 411020625 9547972 -486313617
2 444248123 700304929 177166651 433223457
2 583404936 420962535 230644027 68201626
2 344447234 623000958 -273424150 5129574
2 712855610 409133614 136611789 -167110207
2 401555307 655710115 -527115800 -272960992
2 906307405 73423244 283301861 -549582300
2 38489775 640914838 -892613199 -290188136
2 457489864 619551865 435960707 598022708
2 575304224 987231606 218181794 630109176
2 552911615 383554333 -43929623 -213286905
2 140746540 375441975 -649356342 -414660907
2 480053164 626439838 -15079886 131306788
2 351605191 578408767 137590160 364393736
2 666833567 510079070 -279977939 -436732436
2 495843479 450669353 171459070 126284944
2 293265622 973825229 -554825234 125734373
2 551834096 553420541 -88246167 -86659722
2 896222962 936282877 200708589 240768504
2 961656511 257435863 531553417 -172667231
2 661473253 731595393 355694075 425816215
2 644309840 154099795 -206048104 -696258149
2 527322855 390997387 116967063 -19358405
2 242779877 22854958 -240607337 -460532256
2 270575200 932653213 -28561943 633516070
2 549450595 633705463 424449762 508704630
2 67127474 205003291 -81297048 56578769
2 598110646 585854435 165116013 152859802
2 569805663 767794758 -27742744 170246351
2 895502304 750270720 235603010 90371426
2 636092723 224073808 -281544340 -693563255
2 457337854 477813402 -385914029 -365438481
2 282061776 957504066 -170113640 505328650
2 544964786 886128125 342486228 683649567
2 150976470 134164364 -528020081 -544832187
2 848784748 13555633 -33018072 -868247187
2 86142236 800078895 -520807400 193129259
2 528644318 756042884 -203158519 24240047
2 470399434 121356032 -506364278 -855407680
2 217509246 478698174 -229460495 31728433
2 402107877 108447959 -515537876 -809197794
2 880377884 316738787 301560592 -262078505
2 743531713 95385401 -237760649 -885906961
2 636603977 269387644 -249764707 -616981040
2 809665902 977277733 -59662328 107949503
2 717269767 877008459 105962799 265701491
2 493989118 288863633 -141157416 -346282901
2 812759005 808057322 782451430 777749747
2 917390088 216660213 12276395 -688453480
2 327292997 354000012 -11486473 15220542
2 259161670 650708692 -215886862 175660160
2 354514326 307807927 -55037886 -101744285
2 26238346 582014800 -494339422 61437032
2 523881796 975897124 62308834 514324162
2 493279736 686098806 441672326 634491396
2 60960270 752359663 -544466415 146932978
2 1780238 174630941 -172951374 -100671
