353 185
1 154 289 24545
1 151 181 30350
1 185 277 99549
2 124 263
1 135 340 41369
1 133 249 68417
2 200 288
1 12 161 80496
2 166 296
1 150 287 91140
2 223 339
1 35 89 260
1 103 186 56708
1 71 254 89825
1 89 109 33260
1 129 176 20020
2 150 234
1 45 102 24021
2 178 353
1 257 257 95701
1 73 89 82853
2 34 96
1 199 291 76058
2 194 233
1 15 20 70530
2 111 254
2 75 339
1 266 288 3674
2 325 327
2 264 317
1 227 287 16039
2 27 46
1 297 341 18045
2 28 84
2 19 124
2 347 352
2 16 19
1 73 192 92233
1 192 316 92955
1 40 331 97642
2 134 257
1 271 328 89188
2 63 121
2 163 256
1 11 347 5005
1 192 214 45548
1 23 233 1598
1 42 157 88492
1 114 166 94096
2 118 171
2 276 332
2 71 233
1 21 103 59775
2 98 353
1 182 317 90007
1 257 328 83753
1 39 289 45714
2 177 341
2 129 217
2 237 287
1 21 116 78579
1 174 285 72571
1 147 221 14728
1 14 52 6117
2 176 353
2 231 265
1 84 151 9343
2 51 225
2 14 320
1 40 77 31693
1 17 162 74357
1 261 340 76093
1 224 349 32256
1 48 330 8313
1 58 77 5822
2 24 171
1 58 88 20723
2 62 204
2 154 170
2 197 279
1 150 200 1462
1 288 300 95945
1 319 334 69819
1 272 304 82462
2 26 92
2 68 326
1 119 244 59243
2 85 131
2 246 333
2 5 95
2 13 218
2 69 289
2 67 242
1 89 103 18985
2 47 60
1 75 87 71880
2 206 351
2 1 226
1 141 298 99003
2 34 117
1 182 274 15225
1 159 190 39577
1 95 150 746
2 85 122
1 187 244 21101
2 210 219
2 18 159
1 84 255 37839
1 218 353 26807
1 32 49 11067
2 6 65
1 330 331 71478
1 20 28 56688
2 63 82
2 265 286
2 116 338
2 177 181
1 296 299 93044
1 135 298 91913
2 64 185
1 85 178 25498
1 47 304 3776
1 98 131 99821
1 153 241 12615
1 115 249 31936
2 142 219
1 290 313 91797
1 305 316 12109
1 23 281 62470
2 120 209
2 63 207
1 120 177 92705
2 94 327
1 12 26 88830
2 100 169
1 167 319 78760
2 181 301
2 76 270
2 39 65
1 243 318 65178
2 234 280
2 111 188
2 63 135
2 139 165
2 20 215
1 50 251 70611
1 16 305 20834
2 163 248
2 142 163
2 3 49
1 201 293 47273
2 197 282
1 15 82 64062
1 12 90 90531
1 56 304 24989
2 62 158
1 232 240 59000
1 33 315 28735
1 225 341 9621
1 249 307 46692
1 329 337 59117
1 115 157 24760
2 51 136
2 93 237
1 287 325 26599
2 82 290
2 2 287
1 7 73 85778
1 154 205 79929
1 51 105 92734
1 177 297 47991
2 83 295
2 50 163
2 76 129
1 10 85 50367
1 212 251 97514
1 256 259 41756
1 58 74 65410
1 36 245 16003
2 28 245
1 286 337 13606
1 59 199 32169
1 216 303 88684
2 162 307
1 108 169 15947
