459 6584
293 414 7
83 60 0
258 104 4
293 327 5
276 6 0
322 393 9
434 97 3
343 333 4
230 365 8
252 416 3
11 267 2
275 72 0
94 458 1
129 230 7
340 388 6
93 175 2
122 377 4
324 292 4
455 197 7
310 92 1
433 197 0
123 175 3
267 295 7
159 140 0
12 417 0
134 341 6
7 400 6
371 402 4
294 73 1
237 395 9
254 341 5
155 279 1
354 139 3
187 380 5
234 359 4
410 154 4
398 48 5
148 204 7
457 426 3
291 154 9
29 349 1
171 344 0
308 316 1
398 436 5
78 228 7
160 131 2
422 79 8
202 26 6
163 107 0
319 14 1
274 331 9
224 345 5
64 120 1
298 131 6
67 131 5
396 261 5
27 115 6
52 52 4
287 61 7
108 275 9
100 179 4
242 127 6
191 438 7
404 173 5
295 415 8
203 132 9
324 343 4
136 387 2
218 412 1
153 127 0
294 100 0
82 58 8
33 174 5
263 125 4
197 288 6
43 322 4
291 322 3
413 442 7
363 117 6
100 344 1
211 308 6
239 295 3
362 2 7
165 106 6
156 131 5
351 318 9
295 443 4
359 286 5
7 3 1
353 459 5
380 297 4
420 157 5
388 410 0
229 215 5
355 218 5
293 177 6
310 325 2
312 71 8
397 319 6
5 322 1
429 60 3
124 232 4
317 404 5
302 391 8
361 101 2
181 51 2
279 436 1
430 98 0
261 103 8
278 296 0
37 65 8
282 346 9
330 325 4
61 301 4
381 144 5
354 364 4
221 25 9
340 145 4
239 307 8
132 227 6
370 79 7
41 232 2
60 279 3
412 163 2
362 148 4
203 99 5
91 435 8
186 50 4
401 353 6
341 396 7
110 214 8
373 331 7
421 310 0
157 398 0
138 38 5
241 270 4
274 207 4
266 282 2
119 80 8
96 377 1
21 11 5
89 271 3
118 74 6
164 112 6
350 200 9
217 384 3
392 172 4
409 442 7
206 201 8
30 408 2
404 244 2
137 291 3
127 89 0
129 48 2
141 167 4
295 84 3
232 318 5
28 295 9
301 116 3
456 206 0
255 404 8
97 201 5
18 441 1
7 251 8
156 59 4
115 194 0
50 453 8
364 311 0
130 231 5
113 43 9
251 379 3
159 347 3
175 374 4
370 166 3
223 236 7
299 302 0
188 265 0
282 282 9
93 294 6
72 364 3
132 212 0
112 455 0
83 255 1
241 232 8
261 411 8
52 294 8
226 329 8
68 360 8
219 365 3
55 147 7
299 99 7
290 307 1
261 327 8
312 81 8
110 262 0
394 342 4
400 247 2
310 47 4
284 52 1
422 27 8
375 407 1
83 308 6
10 398 6
454 187 6
136 392 4
285 41 1
253 70 6
410 382 7
431 23 7
216 410 2
255 280 2
428 236 3
195 385 8
166 284 6
57 194 0
437 295 9
339 96 0
82 23 6
382 230 6
99 282 9
56 261 4
35 256 3
316 428 9
221 143 0
141 132 1
338 38 5
285 159 0
413 9 0
373 16 9
191 180 4
152 132 3
78 372 1
171 300 3
287 444 1
368 265 5
386 81 3
185 448 5
358 2 5
123 410 9
458 226 7
428 93 5
366 248 4
69 258 1
115 52 0
102 227 2
418 391 9
321 442 9
135 312 6
273 108 0
26 195 6
343 33 9
302 286 7
68 11 3
128 291 7
359 137 9
401 55 0
80 330 0
53 217 3
276 79 0
94 150 8
224 126 9
47 310 2
185 385 2
290 40 4
231 85 6
356 229 1
318 265 8
289 440 0
105 310 1
338 133 5
104 367 2
134 143 1
377 192 9
246 12 2
128 76 5
269 28 9
351 4 0
40 299 5
137 415 5
294 331 9
20 385 9
445 333 4
55 109 5
138 203 6
165 7 1
223 213 2
46 314 6
450 292 2
101 250 7
160 264 3
278 67 4
75 331 3
72 139 0
178 70 0
243 266 5
211 390 9
60 400 3
6 327 2
414 414 9
4 331 6
23 15 5
98 73 1
210 458 5
90 206 5
25 443 9
241 197 3
135 238 5
151 92 1
165 225 5
221 164 2
396 355 2
279 395 4
384 324 4
441 72 9
85 348 3
15 57 0
106 336 1
6 80 1
115 457 0
105 309 1
401 401 5
441 152 5
397 252 0
415 326 6
405 423 0
94 360 5
191 427 1
43 227 2
425 48 3
50 228 7
371 53 0
46 248 0
38 101 6
452 446 4
146 417 6
141 6 2
191 171 1
290 334 7
441 319 5
154 175 1
46 295 3
361 287 7
20 411 2
250 228 0
121 407 8
51 265 8
238 129 8
300 242 2
53 304 5
46 315 0
312 74 7
381 112 9
79 63 2
161 430 9
10 48 2
368 394 3
325 170 3
35 334 8
412 234 9
358 29 0
163 339 9
380 437 9
28 175 8
237 305 5
335 42 1
144 401 3
217 187 4
141 160 9
117 357 7
24 159 7
292 9 4
375 417 7
152 226 9
214 284 2
242 82 5
12 288 9
247 175 7
195 298 6
394 361 3
445 400 0
407 254 3
201 198 7
328 212 3
174 182 0
222 451 6
238 165 2
287 453 0
359 444 0
156 263 5
427 108 9
141 42 0
268 210 8
361 140 1
378 372 5
71 99 9
67 389 5
276 199 5
268 309 4
285 156 2
333 293 1
337 168 4
28 118 5
454 149 9
224 27 7
18 322 5
359 22 8
234 429 7
170 22 3
381 260 2
407 64 8
41 234 8
77 151 7
368 333 8
83 366 3
209 52 5
78 173 5
10 194 1
137 250 2
286 213 8
337 188 6
314 354 0
328 321 2
268 397 9
412 38 9
266 108 9
437 414 3
456 96 4
173 49 7
293 406 6
28 21 1
207 188 0
323 421 2
402 48 7
125 443 1
348 290 8
59 84 0
175 232 0
304 161 0
300 346 3
188 289 0
21 424 6
418 213 7
118 221 9
271 451 0
243 181 5
226 35 5
177 415 3
389 454 7
149 131 7
149 149 2
334 371 5
70 58 0
404 373 9
295 249 8
275 198 6
181 442 2
228 453 2
236 276 7
335 240 6
320 252 6
363 326 3
248 412 4
175 455 6
420 173 2
237 37 2
81 79 6
96 116 5
178 440 9
415 50 1
214 161 7
302 101 1
425 192 3
447 213 2
389 101 0
116 16 8
258 148 2
209 354 3
95 209 4
96 125 5
355 222 4
41 418 6
188 430 1
197 295 9
184 235 8
125 44 3
434 92 7
26 250 5
404 143 0
141 87 6
22 192 9
106 373 9
43 427 1
282 423 7
153 264 6
107 102 4
222 149 3
264 422 4
204 364 7
137 127 1
295 299 6
443 216 1
225 350 3
270 245 8
185 213 8
181 271 2
154 368 8
5 193 6
151 279 9
360 268 7
387 153 5
310 49 1
459 387 5
324 439 9
338 178 5
105 193 7
25 373 9
411 352 1
281 282 1
368 79 1
173 196 8
130 112 9
95 219 0
428 22 4
169 412 0
441 345 8
242 337 0
391 9 6
167 166 3
132 123 6
196 137 8
59 418 9
302 19 8
377 375 6
188 155 0
341 207 6
120 389 7
290 92 1
231 366 3
416 429 8
400 320 3
193 348 5
147 211 7
91 282 8
28 323 4
150 232 3
186 276 8
153 325 5
351 408 1
157 256 4
404 365 9
401 261 2
447 67 6
326 75 7
225 185 9
196 341 9
205 418 5
183 109 1
212 212 2
420 276 1
233 110 8
247 385 6
192 260 2
250 304 2
208 403 0
140 286 2
377 51 4
423 78 3
166 6 3
84 61 9
221 418 6
380 345 9
234 204 1
27 388 0
141 228 9
9 217 4
397 433 8
454 277 0
171 328 9
387 430 0
456 322 7
196 92 6
339 179 3
105 27 8
281 114 9
21 453 8
311 449 8
195 47 0
316 101 3
367 37 1
230 453 7
433 334 5
311 251 6
130 104 1
16 79 7
331 345 1
413 222 2
149 340 7
371 272 3
214 379 0
394 447 6
276 173 2
355 337 9
442 355 9
83 64 9
220 230 7
47 188 3
75 351 3
3 234 7
189 41 5
404 220 1
114 297 1
237 270 4
437 63 2
401 308 8
168 414 2
395 215 8
12 30 2
414 62 8
396 153 6
418 246 2
334 82 6
345 185 7
277 113 7
154 356 3
381 213 2
390 224 0
9 236 0
65 23 9
408 11 5
117 310 0
82 185 3
26 105 1
168 155 3
212 226 2
75 397 5
297 5 7
196 100 8
127 36 8
439 424 5
190 449 7
453 318 6
350 384 4
377 63 8
97 23 6
140 289 1
214 360 4
366 102 8
24 302 9
68 111 1
24 426 4
137 17 9
34 181 1
176 355 5
438 315 7
223 260 1
420 423 4
286 391 6
242 398 8
160 365 9
123 187 0
411 264 0
445 161 9
307 396 2
150 192 0
432 150 6
27 149 9
152 393 2
379 75 1
60 392 7
301 444 1
94 23 3
459 444 6
28 302 7
407 248 6
157 361 5
248 276 6
81 316 6
345 15 0
36 61 9
205 90 4
286 79 8
158 178 1
115 340 1
331 222 4
143 272 3
243 439 0
24 348 7
299 453 7
243 323 8
138 328 7
402 235 9
152 246 8
419 285 1
172 48 0
377 55 2
321 220 9
305 106 2
347 41 6
106 311 6
99 18 3
55 124 3
128 167 3
138 76 9
198 191 4
113 403 9
402 439 8
26 394 2
257 77 2
185 200 4
355 344 0
430 320 7
81 162 2
148 93 4
108 317 5
217 186 5
31 199 7
69 201 8
92 105 7
393 153 2
9 245 0
157 360 9
147 352 3
348 212 9
430 305 3
209 78 2
43 416 9
346 212 1
48 433 1
286 160 1
395 439 6
358 52 6
346 376 5
351 198 6
241 194 0
158 280 4
415 375 3
62 277 0
434 245 1
424 48 2
309 203 5
41 292 6
168 329 7
410 271 1
190 303 3
455 121 1
117 301 1
381 46 0
211 206 5
1 119 1
216 63 3
314 455 2
43 297 1
32 70 9
269 25 0
355 7 9
133 64 3
337 272 1
16 20 3
344 432 3
373 296 7
244 195 2
150 155 6
117 197 5
52 36 8
278 216 2
202 449 3
110 267 5
177 444 3
3 13 2
454 448 4
99 10 7
169 237 0
387 73 9
224 391 5
422 447 8
379 100 9
159 228 2
417 295 5
402 83 8
230 175 4
33 219 3
84 384 4
245 393 0
231 358 4
169 101 2
247 404 6
394 234 3
394 98 7
394 144 7
346 100 9
142 216 4
5 397 9
375 444 9
39 152 7
22 402 0
62 160 5
226 393 8
389 129 6
439 169 6
174 125 1
203 223 7
144 288 4
166 364 9
80 307 9
150 277 6
249 195 5
72 372 9
259 83 9
438 27 9
259 401 4
142 79 8
458 325 4
117 93 5
413 386 0
449 244 0
287 421 7
95 393 3
332 103 3
347 135 6
371 350 9
150 57 2
35 432 3
10 427 1
272 117 1
33 175 0
228 181 0
445 76 7
365 458 1
247 141 2
68 182 7
333 79 4
2 238 1
176 89 1
278 218 7
251 112 0
30 239 7
137 314 0
64 180 9
159 265 4
322 459 4
285 349 0
20 346 0
18 14 2
284 410 7
434 450 1
326 297 3
313 275 7
334 304 1
323 343 9
226 449 0
382 249 9
322 219 9
234 207 7
290 186 4
65 80 1
122 424 2
325 411 8
88 269 6
204 234 1
133 232 9
331 272 5
185 439 5
311 363 3
419 14 9
247 51 7
38 414 3
148 270 0
307 195 9
458 186 0
16 350 9
120 164 2
250 59 3
219 246 4
174 30 9
23 259 2
181 9 7
297 237 2
94 93 7
65 447 7
418 226 5
175 223 0
230 361 9
59 391 5
162 330 4
381 101 2
339 304 5
356 18 8
44 88 9
282 340 5
128 107 0
456 121 2
446 153 2
222 178 8
263 352 8
104 366 6
24 368 0
12 131 9
311 389 1
32 9 4
308 234 3
203 14 5
328 419 5
452 209 6
48 26 4
456 134 0
59 350 6
225 11 8
24 285 4
403 111 6
215 288 6
214 407 8
307 422 9
136 283 3
432 66 9
248 346 4
106 186 6
357 52 8
312 29 1
92 110 7
20 183 4
247 192 1
421 437 2
382 222 3
164 108 8
183 233 1
443 86 9
367 443 6
126 25 8
353 445 5
348 218 2
68 430 5
25 417 1
443 434 4
203 427 4
38 350 1
39 376 8
259 414 5
424 395 3
180 323 9
397 204 3
417 447 7
103 138 6
222 279 1
115 322 4
327 102 0
325 280 6
186 416 3
64 97 6
347 24 2
107 33 3
26 241 7
439 211 0
340 361 6
293 328 9
456 292 5
451 429 3
86 32 1
300 221 0
404 104 0
190 359 9
71 153 4
81 213 3
429 101 9
152 269 7
34 155 4
298 268 8
68 5 7
340 453 8
324 80 1
423 282 9
228 365 7
189 197 3
396 6 0
190 218 4
91 100 3
285 74 4
167 410 9
457 189 6
63 78 6
24 422 6
164 436 5
97 112 6
234 440 0
369 175 5
407 172 0
269 280 1
341 296 7
23 183 6
400 79 1
312 345 8
178 427 0
319 226 6
202 337 0
446 32 4
312 190 5
444 228 5
305 390 9
288 314 3
141 318 5
343 410 2
58 225 0
10 135 4
343 244 8
113 141 1
334 165 5
87 339 9
223 114 7
309 459 1
161 264 0
417 442 1
340 43 3
41 140 4
366 76 5
293 345 4
208 37 6
268 116 2
231 331 1
182 226 2
202 343 1
296 247 5
394 397 6
97 413 9
11 6 6
199 136 9
320 71 8
62 195 8
182 234 1
289 27 6
439 207 9
456 181 4
23 397 7
275 112 1
228 442 8
176 374 4
119 346 4
99 64 2
31 365 5
113 381 6
387 216 1
139 196 6
120 71 5
175 165 0
367 126 7
242 175 7
426 445 7
319 169 2
356 250 3
61 412 0
88 47 6
62 266 7
310 216 4
455 197 3
126 406 4
244 382 7
251 160 2
28 446 1
454 244 5
45 136 9
331 80 1
109 36 5
176 167 4
390 450 4
18 120 2
42 430 8
213 212 9
43 457 8
317 321 4
427 387 3
144 415 3
193 375 8
96 289 0
439 208 6
35 3 2
277 433 2
174 118 9
21 117 5
236 254 5
459 163 0
164 233 8
314 120 0
321 115 4
366 350 2
131 83 4
152 184 8
348 33 0
267 257 7
128 46 8
359 26 3
146 231 9
186 443 8
88 134 6
58 129 1
181 304 9
236 445 1
276 210 8
386 247 8
251 220 5
53 380 8
238 203 0
424 154 2
428 430 7
156 12 9
256 408 8
144 117 7
364 114 5
208 165 5
28 180 8
76 116 9
404 234 4
102 36 7
277 238 2
418 35 4
98 237 1
51 369 2
122 318 3
115 53 1
369 165 7
417 112 6
385 302 3
35 11 3
186 341 9
126 298 9
110 308 3
338 29 8
366 301 6
207 330 5
208 106 6
37 455 0
210 174 9
456 38 4
100 369 6
121 140 1
77 165 4
387 301 0
249 436 2
27 65 1
418 109 1
317 59 7
299 411 9
13 433 8
326 443 6
426 187 1
277 327 3
283 318 8
56 205 0
272 264 0
364 149 1
314 163 3
29 369 4
243 329 5
32 326 5
46 458 3
330 313 6
267 2 0
455 168 0
373 55 3
251 2 9
191 403 9
426 315 4
297 452 4
132 427 3
121 29 4
327 238 0
362 257 9
449 57 6
354 186 5
452 335 6
88 358 1
220 284 7
298 361 1
453 172 0
259 196 7
390 185 3
72 80 1
192 267 5
328 262 7
127 193 2
82 375 1
216 25 9
99 306 6
94 47 0
337 14 3
448 279 7
187 104 0
108 156 3
312 387 1
169 54 2
423 239 2
242 206 1
109 38 4
171 436 7
139 372 6
235 203 9
210 261 4
250 332 8
245 3 2
320 165 3
26 387 6
12 137 5
388 248 8
404 35 2
160 286 9
293 28 6
4 65 3
183 41 1
329 64 6
433 275 5
149 120 0
229 52 7
392 8 1
435 57 0
96 349 3
404 410 9
136 371 4
137 107 3
266 291 2
425 383 1
360 363 7
326 47 8
201 430 1
323 227 1
114 58 5
212 60 0
183 363 0
459 56 5
449 253 6
66 125 2
56 169 0
370 5 4
414 398 6
340 444 2
213 383 3
275 166 1
271 429 6
232 25 1
88 91 6
300 317 0
300 11 8
404 391 5
336 208 0
415 155 1
381 51 3
243 444 9
413 396 1
440 140 9
167 116 6
432 426 1
22 447 3
99 350 8
39 349 4
11 195 4
413 399 9
358 95 1
34 389 0
452 298 5
320 403 8
133 136 4
74 373 9
348 49 8
270 240 5
221 417 6
320 138 2
358 148 0
365 345 4
451 126 0
442 128 2
399 317 8
119 424 4
173 144 6
365 393 8
65 342 0
442 334 1
34 21 6
249 210 3
42 92 6
107 263 7
367 243 9
429 349 8
419 61 9
43 88 4
291 67 2
128 459 6
266 272 2
224 16 9
152 360 7
443 241 9
384 340 9
405 377 1
198 93 2
407 185 2
88 131 7
361 348 1
204 75 5
297 128 4
49 113 6
168 455 9
222 279 6
51 146 7
243 362 8
221 125 0
409 247 9
140 159 1
7 329 7
287 55 8
216 257 4
126 396 3
110 34 2
348 440 7
119 417 1
351 325 1
39 279 4
133 322 6
405 338 8
11 316 9
358 194 4
195 165 3
425 319 5
236 28 1
49 265 3
417 374 6
284 178 1
135 169 8
270 51 3
403 154 7
170 240 1
27 17 2
428 430 6
167 448 7
294 348 3
376 42 7
168 22 8
196 274 0
86 333 8
332 416 4
412 423 1
169 376 3
343 58 7
298 299 1
47 235 4
136 33 8
118 78 5
438 10 3
132 316 2
275 251 9
330 101 1
137 3 4
8 257 1
340 137 8
280 317 2
344 162 9
402 33 1
284 301 0
87 372 6
166 89 0
413 418 4
183 299 1
195 280 1
213 85 4
138 241 0
78 97 6
117 430 9
83 126 5
67 57 1
188 29 2
130 237 7
133 30 9
43 232 3
360 64 2
225 347 4
177 19 2
454 340 0
86 242 8
170 44 9
96 272 0
26 189 5
454 327 5
104 48 5
40 10 1
227 36 9
96 3 7
94 260 7
451 313 7
174 21 3
239 241 0
340 237 3
23 388 6
27 38 6
74 311 7
163 148 8
322 104 7
219 296 4
201 408 5
115 69 8
56 52 5
61 159 7
123 169 0
152 237 6
398 451 5
378 419 6
6 302 5
178 296 4
459 244 2
154 190 6
285 26 2
55 386 4
199 142 3
139 243 7
86 290 4
430 389 0
161 438 1
202 11 7
319 396 2
284 446 8
167 166 6
358 334 6
41 190 4
169 287 8
450 150 3
215 342 0
155 261 6
72 408 2
98 186 3
126 405 5
256 352 9
284 356 1
415 377 7
8 366 7
322 355 3
194 278 9
444 343 4
67 379 1
428 438 6
345 119 0
398 312 6
134 48 5
149 297 5
407 245 7
278 43 8
320 23 0
156 285 7
302 36 2
151 371 3
259 174 0
229 319 9
329 9 0
382 407 4
240 125 5
351 131 3
409 397 7
51 127 3
98 346 3
305 251 2
65 295 7
448 431 0
303 99 9
457 75 5
84 350 1
338 39 9
342 237 7
37 186 8
124 419 4
335 281 1
353 99 9
288 48 9
149 235 8
385 323 5
97 182 3
429 77 7
399 344 9
344 173 0
119 394 4
275 441 9
216 315 3
96 85 4
153 325 0
144 49 2
389 228 4
43 238 8
422 333 1
378 370 7
283 31 9
64 328 6
26 453 9
63 76 6
213 55 4
337 203 6
231 258 2
336 356 8
221 236 9
413 161 7
232 111 6
311 238 9
268 380 2
171 347 8
51 70 6
87 225 3
80 412 7
17 185 7
108 95 9
277 294 1
318 135 0
23 28 4
288 184 8
271 211 6
419 356 4
403 201 5
51 222 5
93 291 9
253 237 0
266 417 8
236 147 8
27 205 4
240 44 5
282 441 7
79 260 0
350 220 3
351 334 0
450 265 3
245 309 2
161 114 0
398 233 7
241 433 1
334 140 0
55 361 2
120 181 1
428 166 4
335 218 1
387 187 5
252 353 2
118 257 8
300 56 7
147 352 4
192 304 8
9 327 5
450 411 9
231 294 9
114 389 7
62 52 1
15 55 1
174 371 7
157 6 3
311 121 3
281 355 7
263 382 9
388 263 7
35 134 4
387 413 9
145 65 9
143 455 8
286 179 2
87 411 4
242 22 7
242 6 1
203 105 0
458 2 4
443 76 6
368 203 3
442 185 4
303 331 0
306 24 0
169 376 6
304 145 9
385 72 0
410 241 3
399 131 7
229 424 8
258 433 6
114 50 9
389 240 4
197 252 6
153 386 4
399 221 1
17 317 2
428 148 5
187 235 6
309 450 6
256 99 8
109 392 0
65 295 0
121 345 6
37 203 7
426 274 1
270 446 2
1 340 1
446 423 2
191 67 4
106 119 4
128 165 9
13 133 5
372 65 8
334 63 2
181 263 7
361 276 0
173 202 6
212 126 0
364 326 2
247 76 9
367 453 5
391 243 7
159 43 8
48 10 5
91 161 2
297 349 7
64 173 4
410 327 8
38 63 9
437 146 6
164 351 1
283 451 2
167 210 7
266 379 0
182 37 8
123 239 8
280 230 7
327 370 5
252 370 1
363 328 6
314 33 4
129 64 2
160 110 8
370 248 5
223 90 3
208 91 9
39 322 3
125 209 8
104 161 2
49 250 0
108 111 9
100 240 8
336 59 1
196 435 8
337 96 1
169 363 7
121 172 9
2 193 0
396 334 6
95 333 5
402 360 7
431 198 6
146 68 3
101 135 8
350 231 1
363 253 6
414 258 3
351 381 9
4 457 7
176 389 0
244 19 8
233 376 4
220 265 0
452 374 8
102 286 1
160 173 7
318 370 7
355 390 3
273 95 0
7 157 4
129 96 6
335 188 2
216 383 1
326 86 4
212 422 0
448 423 1
402 91 7
125 287 5
313 324 1
291 168 3
146 399 9
252 280 7
229 141 2
353 10 8
157 346 3
43 20 7
1 109 3
409 361 4
50 133 9
122 87 3
118 24 5
376 407 1
85 311 6
9 266 6
44 303 4
246 39 4
110 121 2
368 108 3
385 95 9
306 396 6
22 60 2
364 141 9
78 341 6
444 196 1
235 90 2
173 399 8
24 151 6
104 274 0
455 170 5
124 186 4
406 28 4
10 285 3
332 83 0
156 323 0
336 35 7
91 347 9
318 279 9
32 126 2
14 73 8
90 11 6
399 42 7
133 350 2
435 132 2
391 178 8
193 274 4
312 326 7
113 64 9
125 158 1
87 282 3
246 36 3
29 343 1
241 111 9
57 132 5
232 347 5
225 317 4
295 222 9
152 259 8
364 424 8
233 57 0
172 51 1
183 320 9
264 117 3
253 141 7
3 381 0
63 341 2
431 327 5
232 423 6
437 69 3
35 63 2
179 148 3
90 71 9
239 338 3
398 53 8
67 425 2
407 84 3
359 283 1
76 128 9
293 197 6
384 292 8
95 135 9
317 74 7
385 19 8
320 288 2
172 194 1
148 49 5
304 187 9
313 264 7
159 175 2
93 46 6
278 240 7
386 209 3
231 309 4
289 219 8
83 304 7
27 376 3
10 307 0
226 78 4
138 413 8
28 102 1
459 51 8
436 277 3
286 430 5
276 162 8
42 265 0
13 410 1
228 232 5
409 233 4
252 42 8
159 201 8
257 332 1
305 331 8
114 433 4
158 451 5
84 396 0
407 348 5
245 371 9
228 325 8
407 292 9
252 23 2
446 276 7
136 247 0
19 403 1
89 1 7
404 345 6
339 382 7
230 150 3
395 283 4
8 98 6
207 103 9
69 26 7
122 89 7
189 313 9
137 386 9
371 309 2
23 250 5
278 277 8
14 47 9
255 341 2
371 123 5
456 185 1
4 170 1
179 24 6
181 406 4
49 430 8
98 128 6
119 235 3
379 246 8
192 202 1
280 144 4
384 296 9
347 141 8
301 281 8
42 359 8
420 248 6
272 47 4
311 348 8
168 35 4
449 425 9
273 204 3
107 378 4
408 36 2
436 268 8
143 149 1
221 302 3
188 266 7
324 430 5
312 304 6
217 432 4
24 232 2
319 81 1
440 49 6
317 166 6
20 378 0
6 356 5
258 141 3
206 375 0
410 74 6
271 218 9
5 458 4
369 382 4
256 313 3
374 76 6
80 306 7
378 188 3
266 80 6
451 457 2
5 243 1
356 111 1
40 30 5
400 322 9
403 113 1
370 196 9
207 405 9
418 205 4
26 294 3
186 155 4
354 406 4
196 338 3
101 456 4
364 284 4
269 1 5
7 159 9
46 434 8
142 234 7
58 294 8
202 65 1
287 312 5
358 394 3
162 307 9
415 420 9
354 381 5
152 118 9
253 40 1
124 414 1
197 235 8
423 137 6
161 49 7
327 313 0
134 454 6
379 131 3
32 403 8
207 383 4
405 62 2
49 122 4
225 373 6
54 323 6
60 353 3
297 183 2
313 335 3
377 242 9
226 300 6
404 425 3
56 254 0
141 387 2
138 66 6
432 123 2
165 8 6
416 171 6
100 309 4
307 24 3
280 167 6
31 267 6
223 111 0
389 392 9
386 256 8
334 415 3
194 52 7
273 380 8
442 402 2
422 443 7
210 149 1
442 364 3
159 426 5
388 176 9
341 200 6
338 166 1
146 367 4
7 387 1
423 382 2
218 19 9
375 205 4
311 246 6
310 386 6
91 236 0
415 87 4
67 244 2
236 278 8
27 230 8
399 39 9
315 451 7
246 313 5
214 437 2
83 62 6
31 422 2
169 382 2
361 357 7
270 450 7
23 136 3
55 398 6
434 164 1
445 410 1
11 458 8
226 346 8
372 15 1
351 195 7
374 194 4
340 404 9
38 133 9
442 296 9
386 282 5
250 138 8
169 71 3
151 326 2
247 31 2
199 13 9
28 389 7
89 245 0
277 350 7
358 371 1
379 444 7
60 120 0
414 109 3
54 212 1
415 326 9
186 254 8
211 401 0
240 131 1
5 371 3
397 199 6
29 453 0
429 396 0
173 205 6
437 284 2
153 70 5
40 361 7
387 286 5
422 435 3
161 231 5
211 6 6
101 170 2
58 51 8
134 426 5
242 274 8
74 132 0
12 330 9
320 250 2
181 111 7
282 230 4
358 454 2
412 302 6
380 140 0
76 123 4
150 302 1
376 442 4
1 89 4
134 390 5
181 416 2
162 115 2
49 126 3
76 294 2
332 55 4
323 277 3
459 318 1
311 372 2
260 91 7
361 296 5
302 30 9
389 169 3
44 181 4
415 298 5
400 323 2
412 320 0
227 219 2
92 43 3
332 395 4
229 370 5
289 42 1
153 124 9
73 22 6
339 178 6
215 229 0
280 351 5
281 352 7
316 452 2
325 387 6
190 284 1
258 237 5
101 378 3
320 202 3
187 212 6
338 139 5
342 215 7
259 350 9
194 97 0
335 299 5
302 181 2
387 65 3
1 48 9
217 346 0
99 77 3
47 56 1
159 292 4
35 292 1
418 304 7
30 363 4
246 100 7
404 134 0
406 88 5
73 28 6
453 412 8
51 355 7
332 405 5
2 257 4
221 370 7
350 357 9
351 122 6
12 399 3
131 103 9
102 286 7
346 181 4
405 57 8
121 253 2
31 299 8
287 202 2
10 29 9
47 226 0
333 75 9
399 458 7
396 250 0
251 342 1
274 359 9
81 171 1
104 27 4
312 315 0
97 359 1
242 243 9
5 367 5
290 16 9
177 44 1
400 121 2
192 173 0
83 396 5
387 234 1
103 376 3
69 71 0
213 197 1
113 42 7
244 16 4
247 204 7
294 330 3
170 82 5
366 433 7
276 265 7
443 318 0
174 281 8
255 359 3
280 189 8
397 336 8
270 51 4
161 285 0
428 244 0
364 239 2
276 63 9
92 47 5
96 198 3
375 367 4
320 66 4
114 98 3
164 128 6
374 334 2
21 74 2
12 8 8
305 427 8
435 313 1
64 95 5
39 42 1
16 363 2
179 199 1
54 297 3
405 283 0
39 276 4
327 39 5
51 154 5
51 125 3
168 381 8
437 425 5
99 170 1
293 334 4
211 282 3
312 22 1
379 386 0
296 251 3
297 453 7
266 94 8
390 210 0
158 7 5
270 36 7
87 350 1
190 330 4
88 377 9
205 316 4
51 185 7
344 210 3
21 338 6
281 49 5
301 310 5
193 78 2
137 58 1
120 111 7
433 398 0
168 61 1
440 351 2
412 206 1
267 61 0
40 194 5
249 264 0
368 9 4
401 459 8
149 444 2
55 9 9
169 58 0
361 341 7
176 307 5
86 394 8
400 448 1
38 248 7
365 23 9
237 120 1
147 249 0
310 380 0
327 356 4
313 304 7
169 408 1
361 435 4
335 447 9
82 101 0
331 225 2
358 230 0
447 153 4
408 404 9
275 170 5
413 414 7
331 401 5
85 230 4
73 441 2
104 24 5
283 263 2
328 65 3
333 412 9
366 278 0
163 52 1
239 27 2
335 347 8
139 317 2
285 2 0
126 149 1
442 412 7
176 294 2
384 293 1
269 217 2
339 397 4
404 107 0
384 349 7
69 340 4
459 266 4
384 173 1
48 313 7
59 409 4
350 253 3
241 131 2
79 303 3
69 204 9
456 142 9
325 385 3
32 310 8
39 206 6
249 216 4
329 344 9
377 42 6
334 126 6
209 277 7
77 205 5
118 34 6
330 121 6
283 177 5
264 324 8
314 323 1
337 216 2
104 195 0
367 87 6
120 143 9
317 387 1
105 368 2
264 387 9
322 181 8
224 58 4
171 59 2
42 194 0
83 51 5
276 364 7
39 201 2
81 55 7
59 223 5
80 36 4
441 317 2
442 417 8
221 41 0
199 22 2
133 329 4
267 403 3
92 176 1
286 427 2
100 448 2
420 58 6
222 385 7
293 202 0
332 5 3
407 288 8
410 401 1
54 327 0
268 360 5
226 281 0
190 176 3
248 271 2
36 119 1
18 88 1
255 379 1
355 222 4
390 336 7
364 298 6
231 89 7
1 139 7
422 49 7
295 165 8
296 267 8
33 340 6
29 255 3
329 209 6
71 362 3
40 312 4
115 123 9
133 150 5
150 371 9
84 209 6
391 284 4
278 126 7
142 22 8
81 412 4
333 180 5
96 271 6
445 388 7
133 183 2
250 56 8
458 371 0
414 211 8
392 105 0
419 66 3
375 217 9
65 433 7
341 12 4
189 265 0
343 213 2
28 422 8
192 189 8
209 260 1
252 334 0
430 237 9
26 267 7
149 85 2
34 347 5
101 354 3
457 321 2
353 128 9
160 313 0
262 214 7
397 17 9
189 346 3
181 376 8
435 10 4
441 432 8
449 230 3
249 254 0
144 305 6
94 301 7
266 361 3
76 441 2
110 198 5
445 425 2
361 2 8
169 291 8
247 412 2
194 22 9
320 269 5
228 264 4
119 57 3
213 319 4
325 384 1
282 325 0
289 230 4
110 290 2
455 305 3
64 219 7
92 102 9
339 387 1
385 252 3
279 57 2
280 190 4
169 187 9
153 6 1
241 86 6
311 404 1
86 397 8
358 276 0
207 51 3
216 270 4
330 11 1
298 442 0
340 101 2
49 157 4
84 206 7
246 309 0
136 345 1
186 101 8
394 149 1
410 76 6
51 88 5
220 5 1
29 50 2
394 374 0
414 229 0
191 383 1
10 22 6
179 148 6
93 50 3
67 297 9
195 157 9
235 390 4
270 397 8
177 305 1
226 311 5
310 294 2
52 222 7
142 109 0
29 191 4
365 182 4
339 122 6
440 31 4
456 313 2
243 422 0
178 340 4
430 451 2
355 459 2
344 436 3
124 273 6
449 442 3
6 320 5
360 429 6
360 445 0
333 255 3
148 53 4
452 448 0
240 112 8
428 457 2
329 65 7
218 404 0
352 393 4
90 137 5
142 84 9
283 458 8
175 383 6
173 19 7
16 14 8
451 80 1
356 14 9
356 336 0
443 423 4
259 321 1
436 281 8
15 213 0
297 181 8
336 262 7
341 213 4
61 266 7
210 18 0
225 48 1
424 267 7
195 265 6
110 224 0
28 282 6
168 272 9
193 284 3
413 194 6
98 429 5
390 105 9
299 82 2
292 387 5
253 108 4
135 356 2
112 260 5
131 323 3
385 436 3
411 117 0
205 347 6
141 175 0
54 38 0
43 277 0
242 172 8
77 21 8
176 396 9
75 351 2
153 303 2
374 377 6
229 290 2
236 400 5
107 120 7
434 426 9
229 288 5
397 350 9
362 224 7
32 114 7
53 90 5
377 285 7
224 152 4
2 230 8
238 12 6
450 196 1
182 49 8
273 360 4
119 440 8
178 142 2
48 149 3
2 94 0
440 115 0
251 7 4
89 340 1
227 338 6
228 54 5
267 256 8
104 234 3
107 93 7
231 309 8
146 446 8
375 412 7
298 19 7
321 178 6
152 248 0
451 8 9
396 47 6
223 403 8
352 13 0
63 21 4
333 297 5
379 309 5
374 299 9
302 38 5
264 136 2
4 391 6
265 150 1
15 188 7
320 217 6
5 165 9
337 97 0
331 293 6
449 31 5
4 51 5
302 408 6
455 437 6
254 321 6
323 453 4
286 64 6
26 197 9
103 438 2
19 58 2
208 32 1
260 135 7
270 142 6
226 426 9
28 434 4
90 333 8
200 30 0
9 260 8
217 346 2
140 312 7
33 44 1
90 346 9
147 456 1
57 321 5
132 312 4
224 280 5
121 63 0
134 226 8
64 286 2
304 188 6
422 380 9
114 140 3
356 104 8
72 32 9
440 8 8
430 206 4
341 315 4
323 10 8
391 387 2
138 119 0
351 173 6
48 260 4
128 318 7
8 87 3
404 410 0
326 139 5
362 150 0
439 174 6
105 36 4
380 60 5
146 155 5
349 434 1
377 206 3
409 449 8
424 350 6
58 314 6
350 194 3
305 220 8
7 106 1
48 161 6
172 230 6
296 268 0
454 297 6
406 166 4
31 437 6
18 393 3
72 370 9
213 136 7
140 14 4
189 36 0
112 219 3
127 436 7
345 321 4
308 284 0
173 418 1
114 174 7
30 182 0
444 420 6
90 284 1
30 381 0
205 17 1
410 217 2
423 337 2
404 315 9
408 210 9
400 200 3
368 235 5
419 92 0
195 428 5
223 49 0
236 292 7
375 116 0
244 338 6
90 248 5
367 343 4
458 413 2
419 169 1
424 68 7
139 330 4
86 203 0
58 178 6
24 236 2
338 66 8
329 135 8
429 452 2
111 352 0
100 336 1
403 157 7
457 47 7
317 38 6
336 81 7
244 164 8
137 281 7
425 387 9
111 37 6
181 436 3
21 67 4
152 11 5
65 382 9
107 44 8
164 28 0
19 11 8
220 424 4
243 110 2
431 187 8
334 178 3
417 397 8
287 199 5
149 441 2
278 181 0
69 390 9
138 215 8
293 108 0
308 174 1
378 166 5
271 107 4
194 360 8
8 284 9
144 8 3
146 128 0
344 384 0
56 220 9
279 58 5
391 230 5
248 100 6
443 354 6
223 361 0
276 139 4
152 380 8
376 61 5
143 212 9
336 114 0
136 385 4
308 55 6
167 262 2
293 20 2
195 404 8
403 86 7
236 79 9
14 46 6
148 1 9
155 440 1
289 214 2
280 194 7
206 262 2
153 261 0
110 41 5
451 93 2
45 313 4
437 458 8
15 82 8
4 441 3
309 390 2
54 142 6
242 433 4
321 238 6
161 418 5
52 195 4
118 70 7
36 95 8
273 106 3
399 362 1
393 381 8
101 453 3
425 269 5
43 387 1
347 335 6
55 133 1
23 213 1
128 77 9
25 105 2
72 360 4
129 153 5
171 176 0
125 169 7
138 249 3
394 336 8
218 372 1
230 454 1
43 95 2
188 358 3
375 221 7
394 373 4
74 151 2
17 215 6
38 2 7
132 443 9
367 20 7
166 45 2
203 322 4
139 115 1
317 295 0
362 5 1
18 272 9
388 112 0
54 178 6
377 99 7
84 160 9
379 108 7
455 142 4
297 244 8
272 175 9
405 34 6
310 407 9
189 288 4
243 76 7
347 339 3
258 289 2
95 345 1
160 258 8
399 360 5
393 296 0
347 177 8
443 10 6
458 332 5
149 115 7
9 327 7
161 334 3
311 297 4
364 310 1
233 243 8
356 97 2
220 340 1
149 321 0
242 89 0
206 439 0
44 319 8
457 429 9
70 376 9
288 354 9
277 317 0
4 166 4
349 457 3
120 424 8
367 425 9
24 251 3
342 38 8
210 224 8
79 56 3
323 344 0
439 392 0
137 87 8
181 356 8
204 100 3
200 350 1
400 239 2
5 341 0
206 158 3
352 108 6
450 412 1
454 383 9
283 69 8
42 423 1
148 61 7
223 56 0
427 312 0
214 4 7
42 198 6
73 86 0
236 152 5
353 441 4
234 329 2
355 256 5
245 106 6
399 186 5
169 377 8
78 230 3
169 241 4
389 261 9
450 141 2
236 149 1
281 326 1
257 418 9
60 66 4
136 305 1
266 427 2
59 194 2
416 418 9
442 435 1
13 319 1
331 345 7
290 448 9
398 371 7
452 459 2
140 450 9
17 236 7
142 203 4
358 321 3
17 43 5
409 160 0
269 223 5
392 288 7
178 84 3
108 169 7
58 328 5
101 75 5
142 427 6
240 29 3
68 232 1
342 68 2
343 298 4
5 399 7
153 242 4
39 157 6
192 197 0
340 136 3
239 228 7
336 78 2
151 192 7
362 3 1
431 371 4
330 357 6
9 5 2
112 218 5
116 427 4
81 326 5
181 131 8
158 414 5
384 422 1
443 407 9
276 31 0
343 109 2
249 62 7
402 376 3
388 292 6
18 361 5
357 144 3
191 28 6
33 11 9
236 192 8
319 412 8
259 120 7
391 125 7
381 86 2
19 436 8
434 218 6
245 391 8
127 136 6
419 216 4
98 393 7
369 207 3
124 274 8
132 21 1
30 30 2
280 102 0
65 173 9
204 268 6
12 32 6
202 349 6
419 443 6
63 368 2
351 378 6
407 68 7
355 119 8
305 115 3
69 304 8
300 151 6
28 63 9
431 76 4
166 331 0
212 318 8
371 341 1
298 296 3
269 168 5
338 231 2
68 403 6
413 87 7
183 233 3
115 291 0
219 70 2
230 66 9
337 218 5
276 67 9
205 362 0
35 394 0
344 46 5
36 90 8
109 261 5
330 434 6
382 316 1
331 328 4
72 228 8
70 171 3
417 281 7
296 387 9
314 60 6
278 103 5
219 287 3
321 381 2
75 14 7
106 218 7
234 287 4
233 7 7
56 417 0
379 30 1
92 123 9
190 211 1
322 322 9
124 423 9
118 175 5
114 189 7
282 98 1
291 171 7
205 434 2
309 424 5
112 5 2
161 107 1
191 197 8
92 356 7
404 453 8
143 333 8
172 280 7
95 434 8
457 245 5
7 449 0
369 200 3
10 379 6
266 202 9
317 69 9
182 214 1
313 152 6
40 323 7
231 102 0
85 295 4
18 456 2
402 232 9
292 72 5
187 156 9
390 165 0
200 255 1
442 375 0
454 132 0
186 61 3
418 169 6
360 98 1
368 329 5
38 69 2
117 62 1
163 123 7
195 41 2
407 135 9
388 291 6
218 296 9
455 39 7
355 40 6
274 408 3
258 453 6
110 88 6
277 135 6
124 47 4
125 166 8
96 22 0
40 212 4
43 41 1
409 121 0
143 279 1
281 234 2
248 51 8
354 94 5
204 254 0
407 41 1
40 181 3
101 162 3
130 4 7
449 79 4
384 151 2
250 195 9
345 338 3
323 62 9
356 392 6
292 343 8
113 420 9
390 378 5
175 454 4
181 353 7
425 351 2
109 169 2
83 332 5
202 369 7
246 449 7
55 267 5
17 223 5
450 16 9
180 309 9
173 279 3
192 322 5
232 285 0
49 414 2
194 451 8
314 166 4
426 243 5
65 412 9
435 71 9
65 263 1
207 92 3
74 17 7
128 450 1
245 259 0
444 454 0
73 54 7
182 108 3
214 25 2
286 441 2
251 280 5
450 273 5
298 299 7
425 77 3
61 432 1
397 123 4
288 33 4
146 378 1
308 297 2
34 409 5
451 275 9
145 8 3
370 452 3
26 387 3
132 231 9
61 294 0
146 53 1
363 356 5
166 43 4
227 442 4
427 424 6
311 302 3
285 377 9
324 123 7
302 46 3
220 294 8
97 173 1
420 18 6
192 129 5
163 271 8
293 335 2
429 200 1
199 320 4
132 438 1
297 250 5
432 71 9
71 341 3
243 144 3
121 342 6
413 96 5
293 426 7
148 215 3
438 71 9
415 432 7
317 178 4
309 321 3
88 101 5
187 287 3
203 9 0
309 256 2
430 172 5
345 421 0
314 27 6
72 258 1
359 333 1
203 95 5
351 162 5
357 379 2
387 71 0
217 312 1
440 425 8
423 385 7
47 204 1
215 176 7
238 218 6
65 317 6
142 182 6
392 394 1
335 372 3
383 38 4
326 453 2
78 374 7
16 264 7
392 324 8
87 343 1
371 212 5
273 410 2
453 231 0
331 211 4
247 280 6
122 439 1
297 393 0
227 103 7
265 130 5
414 402 2
41 278 4
44 361 9
41 257 6
365 139 4
55 378 5
92 96 2
369 89 8
135 254 1
433 150 3
15 59 5
118 10 7
63 33 6
66 403 7
391 233 0
177 93 2
173 35 6
269 328 0
321 126 4
435 80 4
45 316 2
356 306 8
41 106 7
178 384 8
371 24 7
452 138 6
166 106 8
73 233 7
329 413 6
424 298 8
309 117 6
39 429 5
93 278 1
361 258 6
149 146 5
191 178 7
91 4 2
232 451 7
336 326 2
418 217 1
379 411 7
213 87 3
122 153 9
215 255 8
415 95 9
400 431 6
408 344 0
299 339 8
328 17 1
398 76 2
98 358 2
141 295 3
200 365 4
152 426 7
338 244 4
47 37 9
306 420 1
437 322 4
358 81 6
143 144 3
76 125 1
312 229 9
213 271 7
359 174 1
315 63 1
297 144 2
368 178 9
215 106 3
70 198 6
256 45 9
57 30 9
142 456 4
441 113 4
172 196 5
388 160 9
295 217 5
290 175 5
322 405 5
4 375 8
397 410 8
173 12 3
415 215 3
124 218 3
200 21 4
54 454 0
421 6 9
298 76 5
109 106 2
32 75 4
175 443 2
128 267 0
15 183 9
224 199 1
346 142 4
274 262 0
299 379 5
22 74 0
166 103 6
295 252 4
182 82 6
212 414 4
280 422 1
178 126 6
222 261 8
374 17 9
394 239 6
89 8 5
3 239 2
415 122 1
297 124 0
201 170 7
369 158 5
420 296 7
366 2 5
29 187 3
138 385 6
402 179 5
365 456 6
172 58 7
308 240 9
78 412 9
21 32 1
257 148 0
71 157 9
401 76 4
253 85 9
16 381 4
227 265 9
251 326 7
145 221 8
190 209 0
283 118 6
417 115 6
351 211 9
76 290 2
131 71 2
95 148 1
215 65 0
234 304 9
373 158 0
456 142 7
200 284 1
136 11 8
82 332 7
161 337 6
215 97 3
238 38 8
281 244 3
368 380 3
322 75 7
40 36 7
127 55 7
84 407 4
18 367 2
123 100 2
102 428 5
284 139 9
269 146 9
280 287 2
387 96 9
458 165 6
213 238 1
425 128 7
414 370 3
340 138 9
183 28 5
3 352 0
374 132 7
238 226 6
61 238 1
411 314 2
54 134 5
238 438 8
405 220 9
129 271 5
428 444 4
115 423 3
402 409 8
9 72 6
347 273 8
433 99 5
77 273 3
170 334 1
411 267 1
194 199 9
127 72 4
358 154 8
403 391 4
265 346 5
100 444 0
324 346 2
354 249 3
257 1 7
99 436 2
136 258 4
275 243 0
75 68 4
103 431 6
268 169 3
375 94 3
392 318 7
356 247 5
109 208 7
283 190 8
217 140 4
421 44 0
158 28 0
6 422 7
280 296 8
226 155 0
176 354 3
206 310 4
23 1 7
233 309 5
29 120 6
299 97 4
182 225 2
41 316 3
274 345 1
382 350 6
417 18 0
181 435 5
159 55 8
36 357 2
248 48 9
262 69 2
364 111 8
64 202 8
443 172 2
286 443 6
288 265 3
139 367 5
412 175 4
213 319 4
431 265 6
323 355 3
431 12 2
159 226 3
2 399 6
329 250 4
308 111 8
44 234 4
198 217 4
107 181 3
203 404 9
45 287 9
107 271 2
177 436 3
329 348 8
391 122 5
103 369 6
160 41 0
246 370 5
375 133 4
215 223 4
136 24 4
23 254 3
189 294 7
52 315 1
93 147 9
418 8 0
219 22 8
77 319 7
170 90 6
244 234 1
343 276 4
418 255 2
252 153 1
378 70 2
213 62 4
300 437 9
369 155 6
186 308 4
191 434 2
179 393 1
154 300 3
281 226 1
93 213 7
206 300 6
163 349 1
314 116 2
374 150 1
385 360 1
207 212 8
426 286 8
206 47 6
63 26 7
425 309 3
368 149 0
65 420 5
435 343 5
294 311 9
387 248 1
154 155 5
328 255 0
409 18 7
195 69 0
186 209 8
342 208 6
423 117 9
156 444 2
233 223 2
45 101 0
154 397 3
352 241 7
52 235 0
52 377 8
99 342 4
375 349 4
274 311 3
326 176 7
132 228 6
210 219 8
283 74 2
237 93 1
32 1 3
225 326 0
194 59 3
113 73 9
322 126 4
385 439 8
302 250 1
269 109 5
436 24 2
407 291 9
187 451 3
140 70 1
15 436 8
29 308 4
324 382 5
97 28 9
335 49 0
348 191 6
216 345 2
279 356 4
4 171 4
17 394 6
427 172 7
30 274 1
178 356 6
183 19 1
272 222 7
27 371 4
276 157 8
453 206 7
135 381 9
113 144 2
242 168 6
163 175 7
197 317 4
374 338 3
406 46 8
173 394 0
388 154 4
240 20 7
302 435 7
452 18 3
19 407 9
376 151 3
61 455 6
449 5 6
457 54 0
152 359 0
239 72 1
301 136 5
288 147 0
95 372 7
175 99 0
194 77 8
345 247 4
439 312 9
140 135 6
458 312 4
25 292 8
308 118 6
411 435 4
99 76 2
294 314 2
363 101 1
211 354 7
402 146 3
219 221 8
229 212 5
318 6 0
323 36 1
136 107 6
281 113 2
384 390 9
130 107 0
397 326 2
85 6 7
111 316 1
170 75 9
214 9 7
412 91 8
224 275 4
204 27 7
6 322 9
374 4 4
306 221 8
412 135 5
4 336 6
453 222 6
52 330 6
139 295 4
427 353 4
380 395 7
148 408 8
267 387 6
207 218 4
195 127 9
186 372 1
1 286 0
352 31 7
348 336 7
336 447 4
7 290 9
50 344 5
208 218 7
332 445 1
293 457 8
41 195 8
273 437 7
42 270 5
216 417 9
145 240 8
272 193 4
9 347 2
432 89 1
459 267 3
175 206 4
15 149 5
253 248 9
344 439 1
9 22 7
133 190 8
60 169 1
91 21 8
335 32 1
182 198 5
172 266 8
41 263 2
44 33 4
271 45 1
119 442 3
347 264 5
12 457 3
143 135 0
295 224 6
268 148 6
118 311 9
53 273 0
58 184 6
451 20 2
337 182 8
440 158 1
141 47 5
404 79 1
187 208 4
54 298 6
16 126 5
174 112 6
183 126 2
365 212 2
293 411 1
215 136 4
223 136 6
386 241 7
50 18 2
73 243 5
245 309 8
85 93 4
311 445 5
219 377 5
80 135 6
176 134 3
280 444 9
387 365 1
308 256 7
68 122 3
367 105 0
144 125 9
351 160 3
353 415 2
284 196 1
97 48 3
395 447 3
210 281 5
54 58 5
455 420 7
154 269 7
51 187 1
246 75 6
32 168 0
197 140 9
40 251 3
341 29 8
30 324 6
280 319 1
391 296 6
63 360 8
121 53 2
452 237 8
255 238 2
301 263 6
306 267 9
14 32 2
437 222 5
87 78 7
366 190 0
54 379 5
326 312 2
271 105 4
348 217 6
216 304 1
112 387 4
297 238 9
244 391 4
319 450 9
68 401 2
91 47 9
330 151 4
159 223 7
252 171 7
406 32 3
197 346 8
373 188 7
459 220 7
298 70 1
98 25 1
299 67 5
213 225 5
132 301 8
265 297 5
419 390 8
72 227 1
193 239 7
164 346 6
242 272 2
8 386 6
15 215 1
391 270 2
244 359 4
194 45 1
351 174 8
407 7 2
345 24 2
251 436 6
173 152 4
167 1 6
111 55 2
315 257 3
358 316 5
164 178 9
81 66 0
301 36 4
2 216 8
12 222 0
145 141 4
375 453 6
113 227 5
118 373 0
157 203 3
182 448 9
425 158 4
136 50 0
195 90 0
4 37 0
40 367 5
353 243 7
154 379 7
386 53 1
426 68 5
391 434 8
427 133 7
217 246 8
299 47 2
370 206 2
267 45 8
409 375 8
408 362 8
426 162 5
458 291 7
143 161 8
231 109 8
241 407 4
273 6 3
265 83 3
236 203 4
38 383 2
24 360 7
446 325 5
187 424 7
127 332 2
251 280 0
71 43 3
3 306 4
230 84 3
261 304 4
299 225 7
104 428 6
42 105 5
320 199 0
411 289 5
299 101 2
23 205 4
145 273 6
27 352 0
184 315 3
103 344 4
295 9 8
190 385 2
84 213 7
352 30 7
361 377 1
19 19 5
1 291 7
276 434 2
27 190 0
447 378 4
426 10 9
235 84 3
119 352 3
332 194 6
362 140 4
157 438 7
110 103 0
337 437 7
141 387 1
225 312 7
120 97 0
419 329 1
117 229 3
381 168 2
58 147 5
426 149 2
261 333 2
354 319 2
136 406 7
271 94 9
426 203 0
135 35 9
56 365 7
109 256 7
34 443 6
400 312 4
397 418 7
109 402 9
296 306 4
144 404 1
297 215 8
190 247 3
267 169 1
317 89 8
82 152 8
435 92 9
256 288 8
233 177 8
194 50 8
113 55 2
267 136 5
65 452 2
245 411 9
10 106 8
148 141 3
238 8 4
144 407 9
2 206 5
7 147 9
362 427 3
154 17 0
33 375 6
362 306 7
43 83 9
11 227 7
109 53 3
4 187 8
82 218 4
64 290 0
362 192 0
447 22 3
288 238 0
450 427 8
340 284 1
48 173 2
202 220 7
6 54 9
140 415 3
245 260 0
218 353 6
302 228 8
267 297 6
426 306 0
155 67 1
239 127 0
128 333 9
395 447 2
431 62 9
286 37 2
408 370 7
104 108 6
331 66 0
239 10 9
432 375 9
17 78 0
42 200 5
220 176 3
185 346 1
88 293 1
255 135 3
5 174 9
359 191 7
11 433 6
306 305 5
130 146 1
121 414 5
411 397 0
219 178 5
256 275 2
357 40 1
95 425 6
142 43 4
28 109 7
192 72 1
425 327 4
441 349 6
175 167 3
265 451 8
257 276 7
1 261 6
207 26 3
18 180 0
370 351 6
285 422 3
226 72 6
432 348 3
78 153 3
125 451 1
365 218 1
237 267 0
226 36 2
373 200 1
358 25 3
271 414 0
263 253 1
74 85 5
46 264 8
112 324 3
258 210 4
79 278 9
299 188 5
95 213 2
12 439 7
130 281 5
56 3 6
103 402 3
116 128 4
140 193 9
115 152 2
298 152 1
212 250 9
232 292 8
69 324 8
84 40 6
71 408 9
288 328 5
349 173 4
451 177 5
332 32 4
85 343 1
229 258 1
337 387 6
132 161 2
6 428 2
218 41 2
31 329 2
205 419 8
371 115 7
165 415 2
311 230 9
75 211 9
390 215 9
307 216 5
379 455 4
334 259 9
28 178 5
98 250 3
70 423 3
282 406 4
129 243 4
224 172 6
40 27 8
157 306 4
310 213 8
305 199 8
21 196 9
277 8 7
149 90 2
4 339 7
229 369 5
96 78 3
108 422 5
16 117 7
453 267 4
7 209 9
276 75 8
189 97 6
97 282 3
326 258 3
18 10 6
147 187 3
328 423 9
182 130 2
85 243 0
209 278 7
3 381 2
244 98 1
385 150 5
436 199 6
272 48 1
309 137 9
165 231 5
84 199 8
315 39 7
351 246 7
172 225 9
362 310 4
66 98 0
178 49 3
395 139 9
151 93 7
375 49 3
18 436 9
249 216 3
386 236 0
221 366 6
146 208 3
343 49 3
76 319 2
252 16 8
441 389 4
372 446 9
1 309 0
10 266 5
84 448 1
239 38 2
416 340 6
407 221 6
89 304 8
138 276 4
136 367 8
170 51 8
13 54 6
5 141 3
226 282 1
194 232 5
204 289 2
408 40 2
246 62 0
381 338 9
203 387 2
274 107 7
182 226 2
47 442 2
396 3 3
309 5 9
365 308 1
270 112 2
427 444 1
74 280 1
273 191 9
10 131 6
334 143 8
414 180 0
259 324 8
446 88 6
329 419 2
136 262 1
253 218 7
197 281 5
190 329 4
412 224 5
26 383 1
273 203 6
75 349 9
445 419 7
374 119 2
116 311 6
337 346 5
233 236 2
175 400 0
176 67 0
307 233 3
268 309 6
304 312 0
252 22 8
200 149 6
423 397 3
57 149 3
163 32 4
97 131 0
140 389 4
148 290 4
122 300 0
457 329 8
401 170 4
330 360 9
263 377 6
271 161 8
38 21 4
344 368 7
133 281 0
299 300 2
266 269 7
437 378 3
41 180 6
134 180 8
315 22 0
245 454 3
219 321 6
447 128 9
133 443 8
396 181 9
178 91 9
342 167 2
111 439 5
315 9 8
456 336 8
20 373 4
270 109 5
435 160 4
83 16 0
275 309 1
141 348 6
104 245 6
205 167 3
135 457 5
19 381 2
136 8 9
252 337 8
235 384 3
271 3 3
306 201 8
195 368 3
281 123 2
448 320 6
179 418 5
175 123 9
372 386 8
36 359 6
215 406 3
149 388 5
37 120 1
429 338 3
258 413 5
254 11 9
334 386 1
386 153 7
124 321 3
234 417 2
205 28 5
353 317 9
343 82 9
294 311 7
69 310 6
378 418 9
449 260 2
235 276 1
382 185 5
161 36 3
417 6 4
307 405 9
435 35 0
19 185 9
278 372 5
204 35 6
171 219 1
6 243 1
360 413 0
394 415 6
174 446 0
190 316 5
454 234 6
31 256 6
63 81 5
239 12 3
153 179 1
183 67 2
373 316 0
235 342 4
189 251 0
239 125 3
317 47 6
273 357 7
100 200 0
424 163 6
154 45 6
227 152 4
413 378 2
178 421 3
319 252 4
449 304 6
80 19 7
365 365 5
255 168 1
72 295 4
420 247 6
284 251 7
320 258 9
412 420 9
45 116 6
136 53 5
120 225 0
79 425 3
190 268 0
309 278 0
284 93 6
244 122 2
318 113 9
34 357 9
38 127 7
388 10 4
142 419 2
55 175 4
70 412 5
10 134 4
250 379 8
412 449 1
69 27 9
228 354 9
204 102 2
42 186 7
4 299 8
295 446 0
307 187 3
136 305 1
4 24 8
164 84 7
42 201 4
37 209 3
354 253 1
252 271 3
14 334 8
23 421 9
134 331 4
161 339 4
342 136 5
312 344 7
341 339 1
426 247 4
189 360 1
393 99 8
236 55 1
88 426 9
76 49 9
113 81 8
17 17 4
428 190 3
413 339 6
313 178 0
306 24 1
120 241 9
66 430 9
252 225 0
435 446 2
171 430 4
91 149 1
153 413 1
366 324 6
266 186 6
402 212 8
122 92 4
19 366 7
248 288 0
452 442 5
448 101 9
22 447 9
4 205 4
94 444 9
86 215 9
70 311 8
217 285 4
67 393 6
30 422 4
34 308 7
186 128 4
185 325 0
190 405 7
182 436 4
35 247 9
62 217 4
116 394 0
417 142 2
119 355 1
209 209 6
127 448 4
126 414 5
297 437 9
398 375 7
449 143 0
432 162 0
246 249 3
129 421 8
389 261 8
399 321 1
198 96 8
77 346 5
436 181 6
405 89 3
113 390 6
56 149 0
87 380 6
94 9 3
233 309 8
282 315 7
133 71 4
78 153 5
123 22 6
376 189 6
380 456 4
160 64 0
82 260 5
244 247 0
422 416 0
50 161 4
227 284 3
39 455 9
310 61 2
279 38 6
37 196 0
233 292 8
102 256 2
451 129 5
399 141 7
343 48 1
329 39 6
412 47 1
162 30 0
193 344 0
53 16 5
343 421 0
37 455 9
257 390 7
54 253 8
156 166 1
365 138 3
133 186 6
231 387 4
152 165 2
348 313 2
176 268 2
223 251 5
428 430 6
92 357 7
147 156 5
209 238 6
350 411 3
306 125 7
363 186 9
10 386 3
29 316 4
401 437 1
146 264 4
348 100 0
90 185 9
359 4 7
271 75 5
189 329 3
436 432 6
135 427 5
17 257 3
356 379 1
403 99 2
432 199 3
74 70 6
365 181 1
256 387 2
3 426 4
276 168 3
434 46 6
28 240 8
261 233 9
249 91 3
423 374 0
220 247 7
350 222 2
335 90 4
147 438 0
144 268 9
19 190 9
234 250 5
219 371 2
310 294 9
102 42 6
389 418 0
21 394 1
269 349 5
382 259 3
29 307 0
419 150 9
258 160 3
174 321 5
295 107 8
144 86 8
356 25 3
37 66 3
41 248 6
142 284 0
332 263 3
272 432 7
74 14 0
338 81 0
294 2 1
296 157 2
329 286 0
32 134 5
370 99 3
455 454 1
457 374 6
139 405 2
302 231 0
264 321 5
363 422 0
294 354 8
450 73 0
338 84 7
322 410 4
335 71 1
386 237 3
350 345 8
284 298 3
163 10 0
416 352 2
298 283 7
195 62 6
320 387 4
24 380 3
5 453 6
187 282 6
393 345 8
125 451 2
299 437 7
270 126 4
117 236 8
106 389 4
50 322 6
197 51 1
49 31 6
165 224 2
207 396 5
341 27 6
349 46 5
400 14 6
283 209 7
415 5 8
369 208 2
457 39 6
11 196 9
118 163 5
125 174 0
80 126 0
105 91 6
103 146 4
342 252 6
361 405 3
201 385 7
242 129 3
344 409 9
244 42 4
53 102 9
277 155 0
409 458 0
262 201 4
69 236 9
102 286 9
276 319 9
60 236 7
274 144 3
202 176 4
186 163 6
216 67 7
8 411 4
257 222 0
243 126 0
14 312 9
7 249 9
433 309 8
315 417 6
181 195 5
91 43 9
364 113 9
125 151 2
135 458 3
13 76 7
440 448 9
390 136 1
358 440 8
105 46 7
264 12 3
301 261 8
394 261 3
167 5 6
431 6 0
165 402 2
440 223 6
153 111 1
40 314 2
45 23 2
73 82 6
174 326 9
193 436 5
45 339 4
360 337 9
279 446 2
204 298 0
231 38 2
137 399 8
109 1 4
232 188 1
107 410 0
295 309 0
28 446 2
56 238 8
79 126 4
12 31 9
438 399 8
24 341 0
360 453 1
17 177 7
199 184 5
313 314 0
11 437 9
263 95 2
286 86 9
114 374 6
361 152 2
24 284 5
123 4 5
360 177 0
370 350 4
224 289 5
85 219 4
204 189 5
259 446 9
380 312 4
402 57 6
26 339 9
10 419 9
46 281 6
180 371 0
99 42 8
334 157 0
68 149 0
447 333 5
413 21 0
256 93 1
326 237 7
48 396 7
212 396 3
377 305 9
109 74 7
438 427 3
448 158 7
292 305 3
246 162 6
301 395 6
213 73 0
273 46 7
214 433 4
113 231 8
424 176 8
234 457 4
153 152 1
350 137 1
36 17 6
280 141 2
372 163 4
302 394 3
239 386 2
3 413 7
229 343 8
95 328 4
298 422 8
21 454 5
91 454 4
261 92 5
43 56 6
251 390 6
206 284 0
250 18 5
112 143 0
145 303 6
121 333 8
74 244 1
366 441 5
30 292 7
270 89 5
28 318 7
331 336 6
440 282 1
394 204 2
233 169 3
165 432 3
51 247 1
6 218 1
453 384 4
114 106 3
324 403 0
99 333 0
434 74 0
203 239 4
228 262 2
334 302 6
175 155 6
390 259 3
161 258 2
454 352 5
351 205 3
440 441 8
29 215 4
364 241 2
41 111 7
427 25 3
113 4 0
90 388 3
313 289 6
65 307 4
258 442 4
297 293 8
236 126 9
270 305 4
358 216 4
370 9 0
316 291 4
337 163 1
215 395 8
24 339 9
398 452 3
450 234 5
28 399 1
400 33 8
451 54 9
284 82 0
205 340 0
294 415 1
9 439 0
102 62 5
175 100 3
287 54 1
170 161 5
429 24 4
45 115 7
375 398 7
257 351 6
195 73 9
351 32 1
338 167 0
163 71 9
46 442 6
338 349 3
249 310 0
190 167 5
75 387 6
176 271 2
205 15 6
40 52 7
2 125 7
359 173 0
302 429 5
159 369 9
276 382 6
82 441 7
359 118 5
82 358 5
68 28 8
109 435 7
358 286 1
70 171 1
23 367 6
317 209 3
194 252 3
180 278 5
361 165 7
372 319 9
142 452 0
20 392 7
260 218 7
399 287 5
272 14 8
14 85 6
169 129 5
66 326 5
278 5 6
45 342 7
281 259 9
232 106 8
324 445 3
349 74 6
188 38 2
35 127 7
73 243 1
74 334 8
308 18 6
409 216 6
299 260 4
435 37 8
202 198 6
209 1 2
196 211 8
388 321 0
432 335 3
124 193 5
218 153 0
181 168 3
376 414 0
115 291 5
81 366 9
439 155 0
39 208 9
434 362 5
197 75 7
439 404 1
433 333 4
416 93 9
75 124 7
324 313 4
28 352 8
407 290 9
158 428 8
188 354 6
319 180 2
390 244 1
84 142 3
119 452 0
393 190 0
183 245 3
393 2 6
352 187 8
341 333 6
66 389 1
372 457 6
411 43 2
360 329 6
260 164 8
387 200 5
239 271 8
389 449 1
428 274 5
27 168 3
429 214 8
278 235 7
172 314 8
370 319 1
110 414 1
404 196 5
391 297 4
115 412 4
239 211 7
149 386 9
309 405 8
159 87 6
69 187 9
22 45 5
112 56 9
181 5 7
235 398 9
298 70 0
128 393 4
250 221 0
82 427 8
415 458 6
68 326 2
316 5 1
2 217 7
318 20 1
92 338 1
458 35 9
158 372 4
331 275 9
94 277 7
200 138 8
215 374 7
169 433 5
7 319 1
417 303 9
78 124 9
110 4 3
164 327 1
389 122 6
261 125 7
112 54 4
242 247 0
75 452 6
216 393 5
397 427 2
219 240 5
431 156 3
222 185 3
382 76 0
248 157 9
70 406 7
432 156 1
214 421 8
440 290 6
285 454 1
131 324 3
387 182 2
131 362 6
356 219 1
340 231 0
325 262 2
342 452 1
61 93 7
229 79 7
19 452 5
60 111 8
49 84 9
435 403 4
111 339 7
336 345 0
218 18 5
73 35 4
92 120 2
233 422 4
347 245 0
31 14 5
13 294 6
338 68 1
435 84 1
364 48 5
44 231 3
408 83 6
317 216 6
22 116 4
167 172 7
127 447 7
327 396 1
46 447 2
298 457 8
212 394 2
270 6 4
108 305 7
74 146 5
46 440 7
290 119 5
76 309 6
29 414 5
343 37 5
436 218 2
337 34 9
203 136 7
258 254 9
281 393 2
55 130 9
366 177 9
62 105 1
279 289 7
101 41 7
178 64 2
247 330 7
368 440 1
413 423 7
227 232 9
177 231 8
103 280 7
82 321 2
327 283 9
200 111 0
73 218 9
80 423 3
273 112 1
241 345 1
405 453 5
362 116 9
231 125 7
48 65 8
250 51 3
428 179 7
370 157 2
354 91 1
200 199 0
116 263 2
286 7 8
14 418 4
288 167 8
383 224 8
382 163 9
401 258 7
299 351 2
240 348 4
192 125 1
189 393 4
146 304 1
227 283 3
84 53 5
351 95 7
323 101 0
114 297 1
85 125 9
245 25 1
66 344 3
229 108 8
438 416 6
221 213 7
1 188 8
269 130 9
85 266 9
188 120 7
297 228 6
325 87 7
357 323 7
155 80 6
107 327 4
60 445 9
354 451 6
253 191 2
68 172 4
303 56 3
378 255 0
324 25 7
277 78 3
8 60 9
290 314 4
336 118 0
317 257 3
384 103 9
222 246 5
118 316 4
184 196 5
242 250 1
56 102 6
61 29 7
445 327 6
291 293 7
270 63 2
200 234 6
435 402 1
108 354 7
172 284 7
113 418 4
236 331 0
55 188 3
288 248 1
317 350 8
360 39 7
327 416 6
51 281 2
102 453 4
264 243 9
378 180 9
108 189 7
26 427 0
88 1 2
411 88 5
11 437 5
375 10 8
228 270 4
77 221 3
244 369 1
322 149 3
129 280 6
120 26 2
294 237 8
292 48 5
72 232 2
92 277 8
18 76 7
105 360 0
321 90 4
293 384 4
256 271 2
23 78 9
277 449 9
211 439 6
99 47 1
54 447 7
175 288 0
114 125 5
196 44 4
446 57 8
38 119 0
430 232 0
375 224 7
40 284 7
261 235 5
89 48 4
137 57 7
80 369 8
66 350 3
262 207 7
301 11 9
371 411 2
286 381 8
202 130 0
181 232 9
107 379 7
356 298 0
380 46 8
247 432 5
118 426 7
306 378 4
446 93 4
12 95 2
279 135 7
51 436 4
197 105 4
284 278 0
231 424 3
38 230 8
362 402 3
377 231 9
125 185 5
364 415 6
228 350 4
174 133 0
174 36 1
62 225 9
457 167 9
67 216 3
205 397 4
302 401 4
7 292 9
132 160 5
379 256 2
77 34 2
146 158 4
6 114 8
12 347 8
433 326 5
163 33 9
282 149 7
442 168 3
251 430 0
241 86 6
93 180 4
243 184 5
432 385 4
291 40 7
257 175 6
277 307 0
382 430 1
451 455 8
365 418 2
125 213 7
415 195 2
250 45 9
336 40 3
111 117 8
449 259 0
31 124 0
426 209 8
163 432 5
140 150 4
24 351 9
218 125 0
217 275 6
415 158 9
301 68 4
341 114 1
337 206 8
386 5 3
206 446 2
322 37 3
288 420 9
40 178 5
156 39 0
39 143 1
297 43 3
7 288 1
435 250 8
325 322 6
387 235 3
375 433 4
413 281 8
234 23 5
38 36 4
183 206 2
93 175 0
177 115 8
433 428 8
202 149 3
311 306 9
72 427 2
189 288 1
313 128 2
288 281 6
122 180 9
206 420 0
37 239 0
335 271 8
60 282 4
417 47 2
17 438 8
384 318 1
1 220 6
452 241 7
312 213 1
336 259 2
365 24 2
450 451 5
272 338 0
17 261 5
436 399 8
432 435 7
399 55 4
204 457 0
80 436 0
272 211 2
209 251 4
19 183 8
100 162 2
367 49 1
57 359 8
237 210 2
158 218 0
205 34 3
1 366 1
76 258 1
319 224 8
324 161 4
142 212 5
74 139 4
38 406 1
114 44 7
77 448 9
282 24 1
384 275 7
5 246 6
242 278 6
197 348 0
391 269 3
377 398 9
147 339 7
192 374 7
192 121 7
62 395 0
208 152 2
313 247 0
42 269 0
183 444 7
66 46 1
155 326 5
195 147 4
107 254 9
367 45 1
278 110 0
23 118 1
337 327 6
397 364 6
274 108 3
11 409 5
13 201 4
134 353 3
71 156 6
154 274 8
445 384 5
267 2 3
74 147 9
111 72 7
350 435 1
370 42 7
402 423 3
376 111 2
419 30 2
168 128 3
260 305 8
11 32 0
383 109 0
61 14 3
346 263 9
277 391 0
331 164 8
298 202 5
402 261 7
376 103 9
48 86 8
349 447 6
120 88 5
439 21 9
107 232 8
103 447 4
202 200 2
270 352 4
36 5 9
454 17 8
182 382 1
5 133 5
122 457 2
437 459 1
207 414 5
383 361 2
56 193 0
113 443 5
358 225 4
231 330 3
388 125 3
211 341 1
396 349 9
385 176 3
417 116 0
354 149 3
303 193 1
337 381 6
287 155 2
57 161 3
236 131 1
300 295 3
400 158 8
323 120 4
443 8 7
283 429 5
365 147 4
110 351 7
6 199 0
424 410 4
358 314 5
94 5 8
254 22 3
235 233 8
421 19 7
330 185 5
289 76 7
66 198 8
360 378 7
381 410 2
364 423 7
396 234 5
259 57 6
127 427 7
104 22 0
131 194 3
2 336 6
104 49 2
431 119 7
196 172 6
119 300 5
172 360 4
168 318 5
332 92 5
300 136 0
160 262 0
17 158 3
253 21 2
353 33 9
275 64 7
425 295 9
79 209 5
78 342 8
271 35 6
191 433 2
108 1 2
110 357 3
206 13 1
277 334 4
201 369 3
395 258 4
166 226 3
439 305 0
214 73 8
149 13 7
219 94 2
247 88 4
324 208 0
109 319 8
278 427 0
144 64 0
34 258 5
415 425 0
421 66 1
216 98 3
187 444 6
273 66 2
243 355 4
391 298 8
288 218 5
34 11 0
7 341 1
1 85 6
386 341 0
285 51 0
415 107 0
49 292 8
168 47 1
457 165 1
271 65 5
6 132 2
163 384 1
268 304 5
17 53 8
404 51 6
211 282 9
395 387 7
108 124 7
333 303 8
407 384 8
419 263 1
298 53 1
224 362 1
387 433 5
77 197 8
403 228 9
3 296 4
216 430 8
147 110 5
259 454 0
195 374 4
27 410 5
438 289 6
72 380 2
53 43 4
245 382 8
48 420 3
82 321 1
171 349 5
404 233 1
458 159 2
444 451 5
10 236 1
91 132 1
43 56 5
151 243 5
9 274 3
197 310 9
196 112 1
127 23 0
205 366 0
260 442 6
61 424 5
72 412 6
447 330 4
231 183 0
379 451 5
352 319 0
185 127 6
316 192 7
75 310 4
430 314 1
245 291 0
60 140 0
435 102 1
362 228 7
313 168 4
332 277 9
353 459 5
343 290 2
246 419 1
302 225 6
45 336 5
193 382 2
256 94 6
154 132 6
389 313 4
309 290 8
315 86 1
301 98 0
205 180 1
362 34 3
213 402 7
23 36 0
371 163 5
424 119 7
419 192 3
53 46 1
228 442 0
313 61 7
289 411 9
313 256 6
123 370 2
334 347 9
141 281 2
36 414 8
23 265 4
282 343 6
412 301 1
11 323 1
125 288 7
79 322 3
448 339 8
225 14 7
132 166 7
381 150 4
179 173 9
444 112 9
457 432 1
220 236 2
446 398 3
335 59 3
359 369 3
36 346 6
417 111 3
428 64 6
12 109 2
331 203 8
334 375 9
304 152 9
377 388 2
126 263 0
187 252 1
373 281 7
177 458 1
251 224 1
397 78 1
192 404 4
276 337 8
196 160 3
401 100 7
430 303 7
391 250 9
450 358 0
436 257 0
43 84 8
432 46 7
405 157 5
436 108 7
213 80 7
294 191 5
32 144 9
54 333 1
301 297 5
219 156 4
426 88 1
345 457 7
372 409 8
47 148 5
177 183 0
389 190 3
285 412 6
187 404 0
152 42 8
47 277 3
41 205 5
20 110 0
97 11 5
159 235 8
421 175 3
99 350 5
226 438 3
165 296 2
380 407 0
227 252 6
89 290 3
161 334 4
229 294 9
183 401 1
418 415 4
215 279 2
47 102 1
164 442 8
104 303 6
85 323 5
138 65 1
14 314 2
118 436 2
419 215 4
443 431 0
172 424 7
250 283 9
371 403 9
89 439 9
295 224 0
299 218 9
98 103 9
437 59 9
403 127 4
121 368 2
238 430 0
71 432 9
321 427 3
301 365 4
330 49 9
176 280 8
106 372 1
17 32 2
197 92 0
227 144 3
169 254 9
328 276 8
300 443 5
227 3 0
231 443 3
198 64 7
154 69 3
297 106 2
165 405 7
340 331 3
203 232 5
385 402 1
153 9 2
216 159 7
313 283 6
34 9 8
233 294 0
281 335 6
417 296 1
276 235 2
430 202 8
72 393 6
142 322 0
163 422 2
150 188 5
291 207 5
343 192 1
346 122 7
25 196 2
190 4 0
183 301 6
290 69 8
433 95 8
315 421 0
247 421 8
413 131 9
183 249 5
39 194 2
190 181 3
127 41 8
46 127 7
174 444 8
96 311 7
22 376 1
203 411 3
445 168 7
173 135 3
37 65 8
342 358 6
225 148 1
31 457 7
459 438 3
330 232 8
115 264 9
172 296 2
66 43 1
108 87 2
217 1 3
243 294 9
73 284 5
141 261 1
284 182 7
434 207 9
99 143 5
172 289 4
115 344 6
318 7 5
193 247 8
306 71 4
17 382 1
56 459 3
430 116 7
385 13 6
233 94 5
458 411 6
35 255 5
419 244 4
267 382 6
64 66 0
381 375 7
62 287 1
346 5 4
216 276 9
420 258 4
23 217 0
391 291 1
94 21 8
416 136 4
65 21 5
374 339 8
222 53 9
408 144 3
329 430 5
229 419 6
334 309 9
101 375 2
347 180 1
357 353 1
323 223 0
112 351 3
6 409 2
317 6 3
36 164 3
326 18 7
231 93 7
63 292 4
92 69 2
60 72 6
331 362 9
407 408 3
441 452 5
231 347 9
164 368 0
276 323 1
210 426 4
277 286 8
418 161 6
192 358 7
104 182 4
86 225 1
79 360 6
306 276 6
82 365 5
316 180 2
12 225 4
330 236 5
403 173 6
71 117 7
71 341 2
37 243 6
353 35 4
120 64 6
41 75 1
67 154 0
66 375 8
60 29 0
144 439 5
406 145 8
154 408 8
114 315 0
197 363 0
95 337 7
78 125 2
347 124 9
408 255 0
82 78 1
135 72 8
18 99 6
89 212 7
288 329 3
103 118 6
245 305 4
230 49 8
339 26 5
268 48 1
26 380 7
176 61 7
266 321 7
91 221 7
171 162 9
229 205 9
56 186 4
299 83 0
8 407 2
63 377 4
103 111 7
369 227 1
278 452 6
44 158 1
423 101 4
45 356 8
160 313 1
377 79 3
261 271 0
128 348 5
387 128 6
448 124 2
341 442 2
29 250 2
455 257 7
352 411 2
178 321 2
60 174 8
27 127 1
240 132 8
25 151 5
261 454 6
94 256 4
333 304 7
258 439 7
279 300 9
63 322 0
90 76 9
438 339 2
433 168 0
111 260 7
108 174 0
42 306 8
128 265 4
306 220 8
92 183 0
246 289 1
420 191 6
176 304 9
255 283 5
221 294 5
15 420 7
373 160 5
24 248 6
73 86 0
252 149 6
205 363 1
198 48 9
293 159 1
383 452 0
269 394 8
386 51 1
368 71 3
149 340 8
57 381 7
304 29 9
306 442 2
84 161 4
134 287 7
58 119 2
88 391 5
98 73 8
95 147 9
321 99 7
58 256 2
259 244 3
417 277 1
364 85 6
439 265 6
332 317 0
149 418 0
163 172 5
419 206 3
65 260 1
55 80 0
132 79 3
370 376 2
350 68 4
99 138 7
394 456 6
326 308 7
416 398 1
292 55 8
73 86 2
249 77 5
166 407 0
118 278 1
90 320 1
154 338 7
369 336 5
171 341 9
82 149 8
421 328 0
333 331 2
289 187 5
419 141 0
172 26 2
17 135 0
428 422 2
226 64 2
112 426 3
31 208 7
140 279 0
140 196 0
328 124 0
456 146 4
23 156 6
189 5 5
341 432 6
309 386 4
239 453 4
20 41 5
105 340 8
352 24 7
340 162 4
402 60 1
254 419 7
197 260 9
454 148 7
231 362 0
434 15 1
216 159 4
46 157 9
243 90 0
341 124 6
195 193 7
365 240 3
172 176 2
459 192 5
33 122 3
278 124 9
130 350 2
197 243 7
303 330 0
23 122 9
84 391 8
280 132 6
160 391 1
53 316 6
339 420 9
243 252 2
340 81 6
273 79 1
60 68 1
374 11 7
385 280 2
292 326 4
335 441 5
417 161 5
410 242 9
133 3 9
176 372 3
347 103 0
384 228 3
27 261 4
337 178 7
333 453 2
412 410 9
322 178 9
204 270 9
421 183 5
29 125 7
131 447 5
425 267 1
33 92 3
429 258 0
369 199 2
342 435 9
26 423 7
103 327 3
101 164 7
449 351 6
439 39 5
269 56 6
133 87 7
308 300 7
325 363 5
90 13 9
310 42 4
341 30 4
313 188 1
105 241 1
142 422 6
168 145 9
63 454 2
230 93 4
320 151 1
408 124 4
315 424 2
55 158 0
93 7 6
175 183 1
115 436 7
205 215 6
74 215 3
257 200 5
364 232 2
239 288 2
34 192 8
39 248 0
184 226 6
386 451 6
395 345 0
437 118 5
210 158 0
237 367 9
238 404 3
253 383 8
223 315 1
335 324 8
149 151 5
36 18 8
138 174 1
179 362 4
164 90 6
429 178 0
151 210 3
76 74 8
291 28 4
38 341 9
62 375 2
429 98 3
181 437 9
299 160 0
284 106 7
384 34 0
394 58 7
424 294 4
443 38 6
299 9 0
41 391 5
395 407 2
53 314 6
111 141 7
352 383 9
234 332 3
148 301 7
14 363 4
192 25 3
427 141 7
451 211 4
207 299 7
391 167 8
383 292 0
290 137 3
421 315 7
87 345 0
74 289 1
235 392 6
39 458 2
274 339 0
251 450 0
455 352 8
162 218 6
72 226 7
109 227 0
458 447 3
232 439 1
425 91 1
455 3 8
196 193 9
84 184 1
103 131 0
221 156 3
353 459 0
11 399 8
107 274 4
43 299 1
432 272 3
156 64 8
196 83 4
436 457 6
150 445 5
217 361 4
4 186 7
141 147 1
188 264 5
58 86 8
322 238 6
396 193 7
258 353 4
71 391 8
159 436 0
173 384 1
205 150 4
117 415 3
365 117 0
12 358 0
393 19 9
277 92 9
333 319 4
310 202 7
20 339 7
94 173 0
220 344 3
87 32 2
316 290 6
348 422 9
385 170 0
249 21 8
167 192 9
23 34 4
176 141 4
69 397 3
187 140 7
204 284 5
234 67 1
230 84 3
390 384 6
378 129 9
170 212 6
421 124 8
399 127 7
366 122 2
140 10 4
380 265 0
73 409 4
202 459 3
442 236 3
209 121 8
147 213 9
76 226 2
341 288 6
56 394 4
189 224 9
28 403 2
262 267 0
35 180 1
268 172 6
430 137 7
144 191 2
27 335 8
327 78 5
97 375 9
157 165 1
34 341 1
258 46 3
63 76 3
343 324 1
51 141 9
283 438 3
331 327 3
207 330 4
316 27 2
443 26 3
202 220 1
95 285 8
257 300 9
323 398 8
42 302 5
323 315 2
371 414 0
113 278 2
283 95 7
351 339 9
323 248 3
423 271 7
54 404 1
235 178 5
102 70 2
115 378 2
425 323 6
66 29 9
267 297 4
249 75 3
265 433 9
99 40 7
296 279 6
367 108 2
425 215 1
443 409 9
296 289 1
416 173 2
250 436 9
430 352 2
113 314 0
132 280 2
223 160 8
415 325 2
261 224 8
99 421 1
305 26 4
100 348 8
168 144 7
423 43 7
342 115 3
373 205 6
306 264 7
264 236 6
317 276 4
51 385 6
451 230 9
135 389 9
203 300 5
70 264 2
94 459 8
439 260 9
125 80 1
287 191 5
54 453 2
318 109 5
266 136 1
226 254 4
134 327 8
110 313 9
339 349 3
392 411 2
125 284 3
379 154 7
200 93 8
432 342 6
156 414 8
221 135 8
47 239 5
56 82 6
95 338 8
429 252 8
353 430 1
146 207 5
19 38 3
400 334 7
416 109 6
138 247 6
322 225 2
238 237 9
6 306 4
247 280 5
20 434 3
58 293 6
117 442 1
334 206 4
302 398 1
456 378 1
215 270 2
430 135 3
67 439 7
393 143 3
319 56 5
413 240 4
253 179 4
309 419 6
135 16 3
138 353 3
276 5 8
394 227 2
161 192 2
32 381 9
445 128 8
392 137 7
316 24 1
218 348 5
45 300 9
131 456 8
13 402 9
268 128 6
122 259 9
278 59 0
450 377 0
397 406 5
153 55 7
93 283 0
329 425 7
4 283 3
391 224 3
186 363 2
195 60 3
360 228 9
344 334 2
323 274 7
422 187 4
363 380 4
106 27 0
374 80 9
250 436 0
417 391 5
73 322 8
320 207 0
56 94 3
274 438 1
276 314 7
304 329 6
224 290 6
60 15 6
187 331 4
291 45 1
437 167 2
111 266 3
352 122 3
363 281 5
97 134 5
53 397 5
225 22 0
140 94 3
45 256 2
166 123 7
7 117 0
112 352 4
365 3 8
47 394 9
140 34 8
203 22 7
347 379 5
276 456 3
227 278 0
433 163 5
376 205 0
442 129 9
115 153 1
22 321 9
161 377 4
350 169 1
305 3 6
312 202 0
42 122 6
45 362 7
391 102 1
401 441 6
34 19 1
242 110 5
229 61 7
145 381 3
420 311 5
174 85 1
113 266 8
315 210 1
110 199 8
247 364 9
348 376 5
335 418 6
273 303 7
202 436 4
238 452 8
238 256 2
318 241 2
249 238 6
177 50 8
326 350 6
159 260 3
105 458 8
429 313 7
215 238 4
151 13 7
35 413 5
373 97 2
185 377 7
310 209 3
204 132 9
181 19 7
308 82 7
271 156 7
286 455 0
98 138 3
424 422 3
354 424 6
378 344 3
26 59 4
392 333 0
147 450 5
160 336 1
225 306 0
311 403 1
402 210 3
197 380 4
417 36 6
74 91 6
7 160 5
142 252 3
370 229 7
301 314 9
220 266 7
5 400 9
360 355 5
307 421 7
46 106 0
257 315 2
274 10 2
282 11 6
67 291 4
106 360 3
94 445 0
127 197 4
376 371 8
445 71 4
175 297 4
44 306 5
295 279 4
426 293 7
355 312 9
189 303 1
297 273 8
210 253 7
124 75 7
198 268 0
376 297 4
333 418 9
432 181 3
208 261 3
78 300 4
350 190 5
364 280 4
259 378 4
194 170 1
286 164 6
104 132 5
250 290 5
387 458 0
290 236 3
116 203 1
138 396 5
233 285 1
55 454 2
210 356 4
346 447 2
176 242 7
241 220 0
78 115 8
360 428 2
374 243 9
355 33 2
438 207 9
377 175 4
406 63 9
357 259 6
59 307 7
293 167 7
405 343 6
377 23 1
75 191 6
13 240 0
100 92 0
94 405 6
211 326 2
117 153 1
234 210 2
206 270 3
374 118 9
355 194 6
315 376 4
359 125 5
226 66 9
117 53 8
283 162 8
125 178 9
379 98 7
379 430 6
32 118 2
430 287 6
50 214 0
109 200 3
148 440 7
10 174 0
341 398 6
138 222 4
89 107 3
147 244 4
249 88 1
328 323 0
432 310 7
306 109 5
81 384 9
108 332 9
25 10 2
268 244 8
367 90 4
193 328 4
372 426 2
281 281 5
342 364 6
25 449 2
223 293 2
183 288 0
56 250 5
433 227 4
140 154 5
325 349 2
448 112 0
380 410 0
202 59 1
18 328 0
203 229 7
436 204 4
197 23 3
251 402 4
60 258 7
39 95 7
326 23 0
388 214 2
352 447 9
195 75 1
308 453 8
97 8 0
345 304 8
164 41 7
264 384 1
159 174 8
307 221 5
354 434 7
407 96 3
183 282 9
417 47 7
266 81 2
384 327 0
19 54 5
227 93 3
439 19 8
228 206 4
364 166 9
41 381 7
393 239 4
379 117 3
400 410 2
440 83 0
448 166 3
219 401 8
379 395 5
246 257 3
305 322 6
1 303 2
355 66 0
142 436 6
297 275 4
298 16 6
139 95 6
136 40 1
300 365 0
21 78 4
359 263 1
286 450 2
289 217 4
215 203 0
35 77 1
138 10 1
277 223 1
196 356 8
9 267 5
127 145 2
392 64 7
67 182 7
155 282 3
134 17 2
29 317 9
167 115 5
73 422 8
254 201 8
331 393 5
159 250 9
451 213 4
458 52 3
94 133 0
355 350 8
136 307 5
390 140 0
187 258 3
29 161 0
16 60 3
67 334 6
54 129 6
237 273 9
251 122 7
224 321 2
438 304 8
4 397 1
373 13 3
373 164 8
179 343 5
35 317 1
382 425 8
78 368 8
111 188 6
265 358 0
450 222 3
444 165 7
109 105 4
447 414 0
378 280 9
94 446 5
106 74 0
400 357 5
122 326 8
81 45 9
388 82 2
35 168 7
132 60 1
424 256 5
446 35 2
455 156 3
104 406 8
436 29 2
265 168 1
424 131 9
91 334 5
69 46 4
375 329 3
64 170 1
156 118 4
105 351 5
241 103 9
201 117 1
37 164 9
456 66 9
182 368 3
411 101 8
421 187 1
55 31 4
390 74 7
77 431 8
121 325 5
207 287 7
252 166 3
107 109 2
411 178 9
456 384 0
444 185 1
80 17 2
375 459 4
243 322 8
19 63 8
184 128 1
29 174 2
153 155 1
154 406 2
157 228 2
370 191 2
376 433 7
249 142 8
22 160 4
312 72 1
407 45 6
68 408 6
127 400 5
438 183 1
47 19 9
202 83 5
398 230 6
185 346 1
306 117 8
90 344 7
337 169 9
298 358 6
426 159 1
131 280 7
61 10 0
100 335 3
11 342 6
166 173 8
411 415 3
163 206 2
359 5 9
157 191 5
293 398 8
388 306 4
313 43 2
197 1 4
425 222 4
234 398 3
188 365 2
273 14 2
184 75 1
364 122 4
94 38 2
426 12 6
9 206 1
108 11 7
292 206 0
459 188 3
35 185 6
210 159 4
103 21 8
150 455 7
280 7 1
353 122 8
222 72 3
432 84 8
270 438 2
282 220 3
321 436 6
189 10 2
26 151 1
90 265 1
5 293 2
100 31 7
161 93 6
41 394 2
197 422 0
345 190 6
48 101 8
148 171 7
252 130 0
289 442 2
37 204 5
15 328 9
335 445 9
174 321 3
92 132 5
307 458 3
395 246 1
129 257 7
425 314 7
273 151 2
443 403 1
217 173 0
245 421 6
390 8 9
433 265 3
354 381 0
75 459 2
421 231 5
186 77 7
424 138 1
20 151 1
415 50 8
450 437 0
218 442 9
186 63 3
339 270 6
288 86 0
63 179 1
291 239 1
419 376 8
328 453 6
393 206 3
161 297 7
11 281 7
454 93 5
156 393 7
387 190 7
410 214 9
364 286 7
277 80 4
402 133 3
88 126 6
380 281 6
241 450 2
143 195 7
267 123 4
351 135 1
155 377 0
179 175 3
450 280 1
45 276 2
169 75 6
167 45 9
23 378 3
203 113 1
159 152 7
159 228 4
101 361 2
382 396 5
99 221 9
7 219 5
199 363 6
230 252 2
254 306 4
344 151 9
10 276 9
329 234 7
335 396 6
446 357 3
293 38 2
50 21 8
390 58 9
96 301 7
95 443 4
136 140 4
266 259 3
153 458 3
248 420 3
220 34 3
281 176 1
182 241 5
173 68 9
430 201 7
36 16 3
279 263 1
1 380 8
257 46 0
383 257 9
152 295 9
225 265 7
310 253 8
258 150 2
279 17 1
9 197 2
125 354 8
6 186 4
350 164 4
373 384 5
268 147 8
54 16 8
439 206 9
427 281 6
442 265 0
400 336 7
107 382 0
378 22 7
18 67 5
367 366 2
315 208 0
455 83 3
140 9 6
47 385 8
3 391 2
186 156 8
386 153 5
41 54 6
160 427 9
259 378 9
125 395 2
220 331 7
157 446 4
131 396 1
267 80 5
42 212 5
459 309 5
254 139 2
455 404 2
266 264 4
137 238 9
377 312 4
277 445 7
57 123 6
251 5 6
273 205 1
290 48 7
188 121 4
148 241 7
303 281 3
